182.1
70.5
195.2
133.9
187.4
175.6
41.9
9.19
6.26
15.3
22.2
22.5
227.5
110
185.1
99.9
85.5
27.8
16.2
7.51
176.2
61.5
115.5
65.3
42.4
86.6
201.9
153.7
171
219.2
60.1
42.8
22
22.5
34.5
158
24.3
29.6
64.8
290.3
69.6
74.9
17.5
6.81
25.5
13.8
8.45
50.6
26
63.9
116.7
102
103
64.3
12.2
5.91
8.66
110.4
111.9
80.4
55.3
36.5
228.1
131.2
79.5
111.2
27.8
137
275.1
179
176.4
253.2
53.7
13.3
81
146.9
105.8
40.7
60.3
126.2
194.3
58.6
94.7
220.3
189.6
55.9
106.4
415.5
55.4
29.4
46.8
15.1
12.3
283.3
167.8
124.2
250.1
111.8
24.9
89.4
153.3
292.7
37.1
19.9
81.4
219
226.3
72.1
114.3
16.8
194.6
374.7
51.8
138.8
26.9
24.9
25
80.2
101.7
131.1
122
178.8
283.9
135.7
52
21
46.7
24.4
20
94.5
102.7
181.8
47.7
31
114
106.4
57.5
140.7
83.6
82.8
23.6
66.6
80.7
128.5
174.5
44.4
371.9
161.4
44.7
18.5
10.8
31.9
26.3
288.1
115.1
277.3
36.2
47.3
334.2
242.3
207.7
52.6
59.5
325.6
357.5
169.7
81.4
132.9
82.3
50
71.5
82.9
107.7
51.2
12.8
10
86.6
165.8
83.6
132.8
68.1
55
96.7
136.7
82.7
168.3
44.2
44
32.1
22.3
64.2
107.6
141.4
27.8
61.8
210.5
159.8
77.7
45.6
14.7
6.71
37.6
42.8
120.2
51.8
15.8
22
216.4
33.2
110.6
52.1
14.4
33.7
61.1
111.4
72.4
88.7
148.5
68.8
73.1
62.8
24.2
12.2
21.7
6.64
6.83
18.1
73
82.2
96.3
87.5
189
144.7
84
45.5
40.1
16.4
68.7
52.2
25.5
105.6
97
70.9
169.7
95.4
28.4
105.9
242
126.3
90
182.5
177.1
128.1
111.6
77.7
223.8
122.7
64.2
23.1
13.4
7.94
53.6
110.3
124.1
82.5
65.8
108.4
159.3
134.3
23
17.9
32.7
27.9
28.1
70.9
272.1
