191.6000
145.6000
2303.0000
1634.0000
286.1000
622.8000
228.1000
206.6000
42.8000
49.1000
62.0000
204.1000
107.9000
60.5000
121.0000
1154.0000
2146.0000
318.4000
388.0000
174.1000
324.8000
586.6000
395.2000
183.5000
176.0000
86.1000
168.5000
1483.0000
857.7000
394.6000
200.0000
96.4000
102.9000
76.1000
82.2000
85.2000
140.6000
212.6000
362.5000
2263.0000
1967.0000
461.4000
219.5000
184.8000
207.5000
463.7000
627.5000
258.7000
322.9000
157.1000
238.0000
1704.0000
2224.0000
617.9000
857.4000
446.8000
597.6000
1127.0000
1588.0000
1021.0000
540.6000
444.1000
642.9000
1861.0000
2064.0000
407.5000
68.1000
170.6000
95.0000
92.6000
67.6000
125.2000
193.0000
320.6000
617.9000
2781.0000
1768.0000
249.2000
99.4000
51.7000
666.9000
599.8000
447.1000
405.0000
364.5000
387.5000
726.5000
2033.0000
596.5000
688.0000
131.2000
146.4000
78.9000
41.5000
39.0000
95.4000
117.9000
87.4000
115.0000
1109.0000
889.1000
191.5000
50.6000
60.1000
57.9000
124.6000
506.4000
955.7000
460.2000
230.2000
562.8000
2575.0000
1692.0000
753.4000
122.6000
366.6000
137.6000
793.1000
1131.0000
500.8000
448.2000
193.2000
1168.0000
2144.0000
607.9000
192.2000
165.4000
111.2000
205.0000
1090.0000
1085.0000
492.9000
291.9000
152.2000
301.7000
1838.0000
2130.0000
147.4000
90.3000
39.1000
36.9000
44.9000
89.5000
79.1000
192.5000
450.8000
809.5000
1686.0000
1108.0000
122.2000
508.2000
695.3000
388.6000
208.5000
465.8000
483.1000
257.6000
187.6000
258.5000
1768.0000
1222.0000
1041.0000
527.2000
203.4000
142.1000
279.8000
269.5000
1112.0000
415.2000
305.4000
351.4000
2452.0000
1276.0000
1916.0000
503.4000
973.5000
203.8000
647.4000
726.0000
217.1000
61.5000
69.8000
215.7000
1971.0000
913.9000
447.6000
851.6000
181.9000
377.4000
852.1000
1165.0000
550.2000
486.1000
290.0000
1225.0000
1988.0000
1458.0000
346.5000
119.8000
94.3000
209.3000
272.8000
788.3000
465.5000
83.7000
52.2000
400.9000
3210.0000
1634.0000
232.7000
98.9000
162.1000
186.6000
616.8000
490.3000
1370.0000
315.5000
178.0000
1304.0000
1954.0000
418.2000
68.8000
47.9000
162.2000
45.7000
171.6000
527.7000
653.1000
255.8000
99.8000
770.7000
2139.0000
960.6000
1457.0000
821.8000
324.0000
168.5000
202.0000
207.9000
115.0000
242.9000
155.4000
166.3000
2803.0000
1969.0000
334.5000
59.1000
68.0000
23.9000
86.2000
294.4000
656.0000
244.7000
110.7000
299.1000
1720.0000
1951.0000
106.6000
60.3000
36.8000
185.6000
78.6000
196.1000
232.5000
88.5000
441.7000
967.1000
1523.0000
457.5000
359.4000
444.3000
125.8000
240.3000
1107.0000
1501.0000
1078.0000
349.8000
171.0000
141.2000
940.5000
1915.0000
501.5000
58.0000
53.5000
53.3000
250.3000
1413.0000
388.2000
235.6000
115.5000
428.5000
1143.0000
1278.0000
443.2000
126.1000
141.5000
107.6000
1210.0000
1302.0000
969.7000
521.9000
302.2000
332.7000
1915.0000
2208.0000
718.4000
251.9000
112.4000
257.2000
447.2000
514.2000
299.6000
427.2000
141.0000
412.3000
2269.0000
1884.0000
460.3000
83.1000
74.4000
68.8000
100.8000
184.0000
60.6000
208.9000
213.2000
745.2000
2091.0000
1111.0000
470.8000
275.3000
101.7000
84.2000
111.6000
385.3000
197.7000
97.0000
95.8000
389.9000
2064.0000
891.3000
1145.0000
268.8000
200.0000
211.6000
457.0000
384.4000
360.2000
359.2000
161.2000
107.9000
2850.0000
753.7000
187.8000
51.8000
123.5000
838.1000
501.9000
1221.0000
314.5000
137.5000
140.1000
171.8000
2545.0000
1228.0000
331.5000
103.8000
59.7000
62.2000
567.1000
324.1000
210.6000
151.5000
133.8000
385.4000
2941.0000
789.0000
463.0000
230.5000
66.5000
202.9000
261.9000
456.0000
401.5000
256.0000
156.0000
264.9000
2208.0000
1105.0000
738.9000
403.3000
174.7000
66.8000
58.1000
241.6000
265.4000
387.4000
216.1000
3791.0000
1853.0000
1107.0000
313.8000
190.2000
73.3000
60.6000
426.2000
394.7000
674.4000
425.2000
371.7000
411.5000
2031.0000
1915.0000
500.1000
170.4000
61.8000
40.0000
578.0000
804.5000
642.2000
368.5000
432.0000
566.9000
1877.0000
1295.0000
323.9000
437.3000
189.5000
452.4000
402.4000
320.7000
1107.0000
226.4000
159.7000
187.0000
1263.0000
1901.0000
227.3000
84.3000
61.5000
44.5000
82.8000
440.4000
444.5000
111.2000
75.4000
162.5000
2368.0000
2311.0000
385.1000
223.8000
69.3000
97.9000
73.5000
763.3000
233.5000
251.8000
223.1000
133.9000
1671.0000
363.5000
104.8000
112.8000
66.6000
52.2000
80.4000
276.0000
240.1000
380.8000
119.8000
569.2000
2274.0000
1123.0000
781.1000
167.0000
57.6000
52.5000
109.4000
356.5000
458.6000
115.8000
131.7000
284.0000
1420.0000
2072.0000
543.8000
205.5000
167.5000
79.2000
804.2000
1465.0000
282.3000
145.3000
121.0000
224.6000
1368.0000
1513.0000
235.8000
86.9000
46.1000
89.1000
345.5000
443.8000
606.5000
482.9000
181.7000
888.4000
2275.0000
1696.0000
325.3000
259.5000
76.8000
136.4000
672.5000
523.9000
392.2000
201.3000
141.1000
1172.0000
1662.0000
1093.0000
207.4000
85.1000
117.3000
80.3000
898.0000
622.4000
407.7000
269.0000
766.4000
593.5000
1679.0000
2171.0000
815.9000
298.4000
98.8000
61.7000
35.2000
132.2000
85.9000
68.5000
68.2000
342.7000
1634.0000
2137.0000
245.2000
102.0000
45.8000
16.7000
49.0000
613.0000
399.9000
707.1000
157.9000
409.6000
1714.0000
452.1000
157.5000
84.7000
31.4000
40.0000
43.4000
279.3000
307.3000
332.1000
190.5000
436.4000
2420.0000
734.4000
638.3000
310.2000
120.9000
114.9000
136.3000
1781.0000
1589.0000
279.0000
692.5000
560.7000
3210.0000
562.5000
175.5000
180.7000
70.6000
132.2000
256.1000
1368.0000
855.0000
311.0000
305.9000
345.8000
2580.0000
1139.0000
638.7000
55.9000
26.9000
25.7000
61.8000
69.8000
438.6000
459.5000
599.0000
2024.0000
2505.0000
863.6000
270.5000
70.4000
58.4000
71.4000
274.7000
1106.0000
1147.0000
173.1000
327.4000
607.9000
2697.0000
1580.0000
954.8000
599.7000
961.7000
1461.0000
1182.0000
1166.0000
1041.0000
293.2000
445.7000
434.4000
2764.0000
981.9000
472.9000
68.7000
91.6000
32.2000
44.0000
464.1000
100.9000
492.5000
161.1000
131.8000
1694.0000
1653.0000
625.5000
183.6000
69.0000
118.3000
199.9000
245.1000
222.4000
149.6000
121.2000
431.2000
1068.0000
513.5000
167.8000
114.0000
151.3000
91.0000
90.9000
822.9000
1690.0000
750.6000
336.4000
369.2000
3357.0000
1781.0000
214.4000
248.3000
199.2000
119.5000
523.7000
638.0000
257.9000
253.7000
203.3000
243.6000
2432.0000
523.9000
964.5000
154.7000
58.9000
84.7000
589.5000
1512.0000
887.2000
288.7000
495.0000
247.0000
2582.0000
1350.0000
491.9000
422.5000
159.7000
193.5000
318.9000
519.4000
425.5000
188.6000
151.9000
406.3000
2210.0000
2228.0000
525.9000
189.0000
77.0000
141.3000
210.0000
426.8000
497.8000
387.1000
176.8000
260.0000
2233.0000
955.9000
219.1000
196.2000
533.1000
301.1000
584.0000
1656.0000
693.3000
215.0000
153.2000
162.5000
2301.0000
1868.0000
153.1000
113.4000
264.0000
107.6000
129.6000
2468.0000
932.2000
372.1000
197.5000
331.5000
1607.0000
526.1000
114.5000
219.3000
163.1000
63.1000
155.2000
409.0000
566.3000
344.5000
266.6000
372.2000
1404.0000
823.8000
118.8000
42.9000
95.3000
115.8000
234.5000
546.8000
241.0000
185.5000
196.3000
992.4000
1853.0000
1011.0000
316.0000
320.1000
81.7000
57.5000
407.1000
1736.0000
541.4000
161.9000
101.8000
105.2000
1255.0000
1503.0000
549.6000
363.7000
290.7000
280.7000
505.3000
591.7000
577.3000
217.6000
330.5000
693.4000
2334.0000
568.0000
463.7000
198.4000
50.6000
42.8000
68.3000
188.3000
522.2000
213.7000
181.6000
258.2000
2385.0000
3399.0000
562.4000
286.3000
580.7000
514.4000
134.3000
2058.0000
1795.0000
551.0000
1582.0000
346.0000
2305.0000
1300.0000
293.3000
285.3000
60.5000
54.1000
468.9000
459.3000
292.9000
200.5000
309.5000
337.6000
2226.0000
2327.0000
207.5000
67.2000
98.6000
77.4000
120.1000
173.4000
133.7000
120.6000
178.1000
385.5000
1341.0000
3037.0000
1036.0000
530.9000
158.1000
263.5000
394.4000
883.7000
614.1000
462.7000
558.7000
1136.0000
2811.0000
1631.0000
467.1000
990.6000
717.8000
377.9000
423.0000
602.9000
2699.0000
462.3000
223.9000
867.0000
2386.0000
2095.0000
659.1000
327.9000
139.5000
101.8000
90.9000
302.8000
911.8000
206.1000
159.6000
774.4000
1471.0000
1324.0000
919.0000
120.9000
37.3000
89.9000
244.8000
447.9000
482.0000
434.0000
846.1000
776.5000
3033.0000
1455.0000
264.4000
739.5000
773.4000
221.9000
844.8000
589.1000
266.4000
137.4000
122.1000
921.9000
2393.0000
454.0000
463.3000
146.7000
220.2000
576.3000
1910.0000
897.2000
567.6000
1125.0000
368.6000
312.3000
2147.0000
1502.0000
364.8000
52.3000
23.2000
24.1000
44.9000
55.7000
47.5000
384.0000
182.3000
1926.0000
2827.0000
1415.0000
686.4000
65.4000
66.1000
121.4000
673.8000
883.2000
320.8000
92.7000
31.2000
367.4000
1545.0000
802.7000
157.9000
128.3000
184.8000
165.7000
494.2000
596.6000
503.7000
113.2000
1140.0000
376.2000
766.2000
626.5000
703.9000
190.6000
129.0000
845.4000
1409.0000
781.7000
389.4000
350.8000
238.9000
281.1000
2571.0000
690.2000
270.1000
87.3000
59.4000
96.8000
78.8000
794.1000
370.1000
504.3000
450.4000
1359.0000
3459.0000
1200.0000
498.3000
132.3000
71.6000
55.0000
121.6000
1432.0000
1484.0000
256.6000
319.0000
726.1000
3084.0000
1680.0000
1896.0000
490.3000
67.2000
23.4000
38.3000
159.7000
210.2000
99.7000
413.5000
788.0000
1265.0000
503.1000
257.5000
569.8000
146.7000
320.4000
468.9000
885.4000
290.5000
962.6000
580.2000
716.6000
1777.0000
968.2000
269.8000
183.3000
496.7000
244.2000
198.5000
229.7000
556.9000
194.2000
125.0000
859.5000
3211.0000
527.3000
350.2000
117.7000
34.0000
192.6000
389.2000
231.1000
706.1000
184.5000
274.0000
499.7000
1661.0000
429.7000
110.7000
159.4000
303.0000
178.7000
542.9000
1265.0000
252.5000
97.1000
93.9000
240.5000
1857.0000
1848.0000
576.2000
75.3000
252.9000
153.9000
277.4000
642.3000
173.5000
291.6000
391.8000
909.8000
1655.0000
937.7000
725.2000
207.9000
189.9000
155.2000
1555.0000
1099.0000
772.5000
297.3000
184.4000
816.7000
2342.0000
560.1000
325.8000
61.0000
427.3000
189.9000
643.6000
851.4000
271.4000
478.4000
241.5000
1251.0000
1542.0000
458.3000
190.5000
186.1000
196.4000
89.2000
188.8000
541.1000
263.0000
131.1000
91.8000
341.3000
3433.0000
645.5000
371.0000
73.3000
48.8000
44.6000
207.8000
622.3000
1115.0000
170.5000
156.8000
192.9000
2648.0000
1164.0000
320.2000
245.3000
62.0000
167.1000
161.4000
437.6000
406.0000
771.6000
179.8000
685.9000
1058.0000
845.5000
340.0000
114.1000
44.8000
18.7000
614.5000
1738.0000
233.4000
1441.0000
1287.0000
647.3000
2161.0000
1202.0000
634.6000
1378.0000
173.1000
341.9000
293.0000
486.3000
1477.0000
276.4000
192.7000
241.8000
2210.0000
1552.0000
210.2000
114.4000
64.3000
110.0000
68.9000
661.9000
163.6000
204.2000
535.1000
1727.0000
2388.0000
837.5000
1467.0000
466.1000
80.4000
44.6000
309.0000
341.9000
286.2000
484.2000
378.7000
1738.0000
1258.0000
307.0000
390.4000
102.7000
39.1000
817.5000
842.3000
847.7000
524.3000
159.3000
127.4000
1190.0000
2836.0000
919.4000
165.1000
87.8000
34.2000
36.6000
85.3000
261.7000
797.8000
271.2000
132.1000
178.5000
1855.0000
461.5000
366.0000
69.0000
14.6000
28.1000
39.9000
45.7000
111.3000
75.5000
206.5000
728.0000
2001.0000
674.5000
285.1000
150.6000
27.8000
21.3000
81.8000
282.8000
247.8000
95.9000
79.1000
629.6000
1329.0000
698.2000
534.8000
122.8000
119.4000
108.6000
1509.0000
1281.0000
2039.0000
316.9000
89.5000
306.6000
1658.0000
489.3000
182.6000
251.0000
421.4000
303.8000
192.5000
643.3000
1080.0000
282.0000
213.6000
245.5000
3995.0000
1597.0000
642.0000
248.2000
177.7000
538.1000
2654.0000
1623.0000
1122.0000
1226.0000
727.4000
401.0000
941.5000
1019.0000
1167.0000
395.6000
309.7000
121.5000
1481.0000
1522.0000
527.2000
333.7000
114.8000
281.0000
2492.0000
1293.0000
259.4000
72.3000
58.4000
31.7000
194.6000
1436.0000
533.2000
479.5000
326.4000
430.5000
2913.0000
799.1000
876.4000
562.6000
618.9000
238.8000
667.9000
1518.0000
793.7000
251.6000
236.0000
537.5000
2793.0000
562.0000
813.5000
1260.0000
438.3000
56.8000
497.9000
997.9000
728.5000
656.3000
350.5000
1702.0000
1477.0000
266.9000
296.5000
87.7000
21.5000
69.1000
556.1000
1462.0000
1538.0000
241.3000
143.1000
824.5000
2446.0000
1637.0000
348.8000
105.9000
366.9000
869.9000
804.5000
476.7000
596.3000
278.1000
154.7000
1003.0000
1041.0000
835.8000
1205.0000
258.5000
208.6000
231.1000
1136.0000
846.7000
484.5000
325.4000
516.9000
627.5000
1544.0000
1146.0000
908.1000
566.9000
237.9000
438.6000
125.7000
461.1000
363.4000
704.1000
200.5000
162.0000
2775.0000
1291.0000
559.6000
549.2000
401.0000
74.3000
683.1000
449.5000
1002.0000
478.2000
185.8000
162.0000
1960.0000
504.3000
678.2000
285.8000
484.8000
228.9000
867.5000
538.6000
933.0000
901.6000
839.3000
1133.0000
1208.0000
376.3000
154.7000
54.7000
31.7000
13.3000
41.0000
280.7000
395.7000
382.8000
445.3000
448.6000
3091.0000
1325.0000
296.4000
196.6000
39.9000
51.5000
413.5000
500.4000
314.9000
653.4000
349.7000
407.5000
2129.0000
775.1000
111.2000
131.1000
182.1000
51.5000
197.5000
903.4000
840.3000
454.3000
295.0000
350.2000
3393.0000
1239.0000
369.8000
143.5000
98.6000
84.8000
466.9000
546.5000
757.8000
333.6000
176.4000
500.6000
2705.0000
718.0000
69.9000
136.4000
45.7000
13.2000
375.2000
549.9000
2144.0000
318.5000
146.7000
773.4000
919.8000
443.1000
57.0000
35.7000
16.2000
208.7000
196.7000
713.9000
340.8000
