104.80
54.60
33.10
809.20
278.30
51.80
29.60
102.10
357.40
160.10
417.20
82.10
35.90
33.30
34.30
631.90
493.80
77.40
43.50
38.50
25.40
230.20
99.70
33.60
29.40
28.50
57.00
870.30
274.40
139.30
27.20
11.30
109.50
95.20
139.00
107.40
49.90
36.40
40.40
712.40
418.40
233.40
138.10
36.60
24.10
21.50
105.00
87.30
96.80
55.10
1021.00
456.60
337.80
85.10
54.50
15.90
15.40
141.10
129.60
159.50
121.90
79.80
103.10
536.00
619.20
153.90
41.00
19.90
21.70
273.30
220.60
170.50
189.90
109.90
132.00
510.50
415.20
87.80
151.40
65.10
178.00
141.90
100.20
337.50
37.50
31.90
35.10
285.60
644.20
66.30
28.70
29.50
20.20
38.80
135.30
150.20
31.10
15.80
28.60
467.00
795.80
114.70
58.50
14.80
43.70
25.40
261.10
64.60
71.10
56.80
33.00
484.10
102.80
33.70
15.00
11.20
12.00
26.60
67.90
40.50
76.20
23.60
133.00
642.40
387.40
236.70
32.70
14.30
27.80
65.90
142.30
141.00
31.20
32.50
67.50
316.90
658.30
182.30
68.80
56.70
28.80
197.50
397.30
80.90
43.70
38.20
48.50
339.80
578.20
44.50
25.50
10.20
24.50
93.40
141.10
146.90
133.40
46.40
243.90
638.70
446.60
106.30
153.20
36.10
53.10
254.10
153.60
103.60
57.00
35.70
324.80
499.60
343.70
58.30
31.40
33.30
30.00
257.70
171.00
94.30
47.40
208.60
123.90
417.30
703.80
255.70
101.30
21.80
15.20
11.00
27.40
21.50
14.80
11.90
82.50
495.70
649.50
68.50
20.20
13.90
3.21
16.90
243.60
116.10
148.70
36.00
111.50
564.50
167.50
40.70
23.50
7.85
20.40
52.30
125.50
83.30
92.30
42.60
180.30
622.50
271.90
205.10
57.90
91.90
62.40
60.30
575.20
478.40
61.40
164.90
127.20
896.20
152.10
39.60
69.60
19.00
66.90
110.40
441.30
219.80
82.30
81.00
90.00
688.40
399.30
196.70
15.50
5.55
10.10
32.20
32.10
138.50
122.00
134.70
620.60
720.00
259.90
89.00
23.40
11.00
13.00
67.40
264.30
271.30
31.00
70.20
168.50
732.40
462.40
274.90
190.50
293.90
405.30
335.30
283.60
243.30
84.00
141.80
105.80
706.80
388.70
203.20
31.20
70.00
12.30
12.10
155.00
21.90
168.00
46.90
41.00
468.80
612.40
206.80
59.40
13.10
33.90
56.50
67.90
52.00
65.50
35.30
107.40
322.10
162.30
61.00
55.90
33.00
18.10
30.20
318.10
665.60
192.80
79.10
88.10
1188.00
615.60
64.90
101.20
49.70
48.20
133.70
170.50
92.80
74.10
41.70
59.00
571.10
160.30
308.40
53.50
21.50
40.40
208.90
512.20
232.60
93.60
156.10
63.70
696.50
446.20
119.70
172.50
60.10
59.30
114.50
162.40
115.20
57.10
49.70
109.40
479.40
696.40
154.10
101.80
65.10
53.30
67.50
106.60
126.00
123.90
45.50
62.00
626.40
349.20
58.80
75.20
234.10
147.90
214.50
414.10
171.30
52.00
34.80
44.50
586.40
650.20
49.90
55.40
74.00
27.40
38.10
721.40
259.70
104.80
44.70
60.40
435.30
162.40
43.30
98.90
58.80
22.80
55.30
151.10
151.10
102.00
86.70
106.20
342.50
234.40
38.90
26.60
55.40
66.00
104.10
165.50
62.50
50.20
46.10
269.80
504.60
429.60
102.00
78.70
35.40
38.20
139.90
548.10
150.50
47.60
28.20
25.70
299.50
505.60
175.60
137.70
100.80
95.50
214.90
197.20
154.60
48.30
106.90
225.30
734.90
189.10
190.60
73.50
16.30
17.80
33.00
61.80
78.50
