44.3000
113.5000
278.2000
426.0000
409.9000
237.7000
40.6000
7.8400
8.4400
30.6000
180.4000
185.9000
126.5000
104.4000
527.7000
724.1000
362.9000
175.8000
30.2000
297.3000
131.7000
295.7000
382.7000
625.6000
242.7000
95.0000
264.7000
788.0000
304.5000
117.8000
66.8000
66.5000
106.6000
66.5000
134.3000
380.1000
276.3000
210.4000
263.8000
1013.0000
386.4000
272.7000
268.1000
50.5000
53.3000
1207.0000
519.6000
450.6000
641.5000
474.6000
237.1000
289.4000
1245.0000
795.1000
366.7000
116.3000
50.6000
305.1000
630.2000
363.7000
348.4000
88.8000
328.1000
1196.0000
295.9000
143.7000
64.7000
29.7000
30.8000
81.0000
157.0000
167.1000
330.8000
456.9000
602.4000
1150.0000
319.8000
84.1000
137.6000
164.7000
164.1000
145.0000
326.6000
600.6000
223.7000
180.0000
564.1000
716.9000
227.4000
257.6000
447.2000
334.2000
90.4000
287.2000
352.8000
370.5000
306.5000
319.3000
1119.0000
580.8000
126.9000
65.8000
32.2000
10.6000
5.0300
214.2000
317.8000
366.2000
157.5000
126.3000
802.9000
857.7000
477.6000
234.6000
77.5000
235.5000
430.3000
479.6000
372.3000
578.4000
291.8000
208.3000
329.6000
175.3000
344.2000
294.2000
31.9000
33.0000
32.7000
126.6000
180.3000
290.1000
188.0000
202.7000
315.4000
622.4000
225.4000
520.5000
580.4000
97.6000
93.4000
42.0000
101.2000
132.4000
283.0000
155.9000
247.7000
1008.0000
365.5000
175.8000
233.2000
304.6000
62.2000
296.5000
226.5000
729.2000
274.3000
125.8000
154.8000
751.8000
116.1000
112.2000
88.7000
22.5000
41.1000
177.0000
220.8000
265.9000
342.7000
484.5000
535.7000
274.9000
158.9000
65.7000
28.1000
9.2000
5.9400
21.3000
41.0000
112.3000
161.4000
242.1000
298.7000
746.7000
595.4000
416.8000
94.4000
43.5000
40.2000
166.5000
257.7000
156.2000
435.9000
414.8000
435.4000
515.7000
189.7000
51.1000
32.0000
163.9000
154.6000
345.5000
900.4000
509.3000
316.6000
263.9000
244.9000
797.2000
357.7000
162.3000
43.9000
18.1000
14.3000
67.8000
190.7000
465.5000
341.4000
235.8000
483.6000
623.1000
308.4000
34.5000
45.2000
11.1000
9.3800
47.5000
86.5000
430.6000
257.3000
112.7000
347.1000
366.4000
254.4000
51.7000
537.4000
289.0000
190.5000
141.3000
344.2000
279.5000
