131.2
256.6
137.1
224.2
78
54.5
13.8
8.55
5.69
11
27.7
61.6
100.5
33.8
489.6
279.1
95.5
239.1
136.2
59.7
38.6
49
167.2
204.8
152.9
170.5
379.1
362.1
351.7
75.2
23.5
39.9
10.9
62.9
175.1
75.9
35.7
49.5
238.3
552
133.1
366.1
64.7
19.3
122.2
57
73.3
155.8
134.9
130.9
605.1
336.9
501.5
281.3
138
62.5
39.5
40.9
121.8
234.5
210.6
143.7
499.5
197.6
250
131.7
25.9
63.8
25
78.1
44.5
42.3
94.8
194.1
302.9
442.6
222.1
148.6
50.2
18.4
16.2
8.74
154.4
72.2
62.1
115.8
574.9
282.1
373.4
240.3
62
14.3
4.61
9.97
75.4
58.3
193.6
199.9
237.4
247.6
135.8
26.6
10.4
10.1
14
17.4
30.7
59.7
134.7
94.4
277.3
397.4
117.4
55.8
8.45
9.63
46.1
28.3
190.9
285.8
198.7
462.9
460.5
480.7
161.1
114.3
96.1
77.7
57.3
111.3
395.8
233.9
341.3
267.9
311.7
777.9
309.2
194.2
32
20
14.8
11.2
38.7
148.7
206.8
387
725.9
492.6
272.2
36.5
16
43.4
10.6
30.9
92.7
253.5
100.5
207.8
338.9
285.7
564.7
157.4
77.2
66.5
359
124.8
374
403.9
149.2
169.3
299.7
404.1
134
97
19.4
48.4
15.9
255.3
472.8
90.6
413.4
130.6
132.1
843
321.7
101.9
35.8
10.8
22.1
23.4
46.8
131.8
194.6
145.5
246.7
190.2
88.4
38.1
15.4
6.81
4.52
10.6
84.5
284.4
302.8
173.9
250.5
799.6
265.1
49.1
75.4
26.3
23.9
49.2
112.5
105.2
134.4
113.5
281.6
629.6
106.7
75.2
31.6
13.9
24.8
146.9
192.3
265.6
177.3
198
146
887.5
277.5
147.4
50.7
38.2
194.7
112.5
141.6
116
73.2
129.5
322.1
682.3
230.3
69.9
33.6
30.8
36.7
37.3
86.9
75.7
135.2
74.9
246.1
591.9
149.9
57
21.6
20.8
12.5
183.7
287.2
317.1
99.7
87.7
315.1
428.6
136.7
35
16.9
8.45
7.07
10.6
158.7
137.3
234.4
147.8
365.2
456
110.6
18.5
21.2
9.09
5.58
8.39
18.2
50.7
33.5
64.7
130.6
226.1
68.8
25.2
7.75
4.66
5.14
13.9
25.3
41.8
45.7
141.9
314.7
208.5
127.1
32.1
6.15
4.88
14.2
37.2
132.8
90.5
89.4
80.3
136
684.1
345.5
147.9
104.2
69.4
24
38
74.6
198.2
85
86.8
519
245.5
239
341.4
106.1
33
21.6
30
160
332
142.3
140.9
366.8
906.7
140.8
109.7
42.8
64.8
59.5
31.6
317.3
307.7
154.5
462.3
264.7
582
211.8
79.9
27.2
16.8
18.4
41.1
76.7
94.9
72.9
112.9
192.9
644.4
301.5
57.6
28.9
30.2
20.6
31.4
41.3
136
145.6
177
420.5
687.9
356.2
222
80.5
22.2
14.9
36.7
219.6
262.7
248.4
256.1
540.1
551.7
303.5
149.5
152.5
42.1
22
32.9
62.8
445.6
239.4
176.6
236
350.7
268.6
94.5
23.2
8.77
32.7
32.1
96
146.4
114.7
132.1
340.9
460.3
98.7
115.7
34.3
32.2
112.3
253.7
303.7
242.5
243.5
453.7
435.7
276.9
188.6
34.9
26.2
32.5
9.73
31.9
30.9
68.3
23
33.7
638
439.2
144.4
64.6
21.1
13.6
32.9
239
207.5
310.2
