81.5
129.7
61.9
213.2
56.3
32.6
24.8
8.58
11.4
11
35
50.6
83.6
38.1
272.5
363.6
105.9
66.6
25.1
12.5
15.5
21.3
93.1
91.6
54.8
101.1
274.9
365.2
375.7
75.6
22.9
76.1
26.1
57.3
185.8
60.8
30
32.7
139.2
504.3
117.2
101.5
26.7
11.7
25.8
33.2
35.2
57.3
70.1
64.6
464.9
256.9
386
146.5
94.3
28.2
29.4
46.4
119
109.1
125.2
64
348.9
107.2
193.3
129.9
28.7
17.8
19.3
28
28.7
28.7
72
132
215.9
457.5
206.2
91.6
58
19.6
10.3
8.33
56.7
33.5
30.3
56.6
408.4
297.8
221.5
132.1
33.5
12.8
5.07
9.16
55.4
153.7
186.1
140.7
236.1
202.8
92.7
20
11.4
8.3
16.3
15.1
27.5
56.8
119
70.7
202.9
453.4
128
58.1
14.5
20.2
56
35.1
138.1
194.4
88
148.5
258
569.9
99.9
72.4
40.8
46.3
50.4
139.2
314.3
222.7
192.6
155.6
171.1
644.1
232.2
222
38
14.6
20
15.5
37.2
164.4
125.5
163.1
535.1
309.8
301.9
38.5
9.13
11.6
6.61
15.8
25.9
117.7
54
160.6
239.3
258.9
282.5
97.2
30.2
17.5
91.4
44
196.2
163.4
67
62.2
173.2
528.6
84.6
43.5
7.46
67.2
12.3
246.5
317.2
61.4
101.4
41.3
46.2
559.2
255.2
97.1
27.4
9.75
26.1
20.6
51.6
108.9
94
72.9
144.4
184.2
75.5
24.2
15.7
6.55
7.83
16.5
58.9
214.9
122
65.3
114
643.5
191.8
38.2
20.3
10.7
12.1
25.6
39.3
29.8
67.8
50.4
124.3
460.9
69
28.6
19.8
21.1
25.4
173.3
268.1
216.2
100.1
101.8
103
671.3
163.4
94.3
32.5
33.4
163.1
74.7
105.8
59.8
33.7
98.3
218.6
437.5
200.7
48.7
27.2
21.1
17.6
14.2
32.5
29.2
44
25.8
84.6
587.3
137.4
27.5
13.3
29.6
13.5
74.7
112.1
119.7
48
39.9
160.3
430.1
149.2
33.9
9.13
6.94
6.57
7.07
50.8
68.1
115.6
65.5
224.8
397.7
65.7
12.1
11.4
8.04
4.57
6.22
12.9
22.3
12.9
31.5
71.6
248.5
60.4
16.9
6.75
9.48
20.9
60.9
67.6
67.1
72
74
220.5
226.4
128.8
39.4
11.5
23.8
31.3
49.4
110.3
51.8
55.2
49.2
76.2
534
268.1
95.6
37.8
20.4
12.2
47.8
57.4
123.7
50.6
47.1
331.5
212.9
178
141.2
43.4
14.4
24.2
21.4
111.4
207.1
70.5
63.8
124.7
803.7
140
92.3
84.7
112.7
23.1
28.2
276.5
181.3
66.4
206.5
126.1
594.7
178.5
51.3
21.4
13.8
19.3
36.3
58.9
59.1
37.5
57.8
103.2
522.7
292.5
27.3
9.75
21.7
16.4
19.4
20.6
92.2
68.5
53.6
194.7
550.7
402.4
145.2
105.7
21.3
13.8
35.4
244.9
194.6
212
183
425.6
399.9
294.1
201.6
144.8
31
13.8
18.5
29.9
223.7
135.3
107.5
183.3
384.5
251.5
61.3
29.6
12.9
42.9
33.5
85.9
91.2
105.9
117.6
240.4
360.4
133.1
128.2
106.5
77.1
156.1
315.2
255.7
159
115.4
246
378.5
302.2
224.8
50.9
82.7
195.1
43
158.7
119.8
74.9
34.5
34.4
518.3
399.5
110.1
45.1
20.9
24.6
47
211.3
178
226.5
269.3
97.8
151.9
502.9
172.2
65.4
17.5
18.6
14.2
23.5
21.2
24.8
92.9
39.1
461.2
396.4
288
71.7
26.7
19.9
29.8
91
104.3
91.9
59.1
24
183.1
355.1
102.9
39.5
16.4
8.63
9.94
23.6
43.7
48.1
20.4
376.5
142.1
159.9
111.5
37.8
23.4
14.5
24.5
66.6
72.2
67.6
