136.7000
43.9000
160.7000
111.6000
155.3000
128.2000
49.1000
3.8200
2.4100
19.8000
17.7000
17.2000
138.5000
54.5000
114.7000
91.2000
61.2000
14.3000
34.0000
4.6300
144.1000
55.1000
89.4000
52.9000
29.3000
80.2000
133.5000
115.0000
75.3000
129.2000
39.6000
24.5000
16.8000
22.4000
25.4000
98.8000
18.3000
43.9000
30.4000
252.3000
33.6000
39.4000
7.6100
2.7800
17.2000
10.5000
7.9700
37.1000
21.5000
53.2000
72.5000
75.3000
71.8000
54.3000
5.9700
2.5300
5.9600
96.7000
79.1000
62.0000
36.8000
19.4000
199.2000
102.0000
77.7000
89.7000
17.1000
84.3000
199.9000
133.2000
114.9000
158.0000
44.6000
10.8000
71.8000
106.2000
66.3000
24.1000
23.8000
81.2000
143.9000
52.4000
66.3000
131.3000
124.3000
44.0000
64.8000
235.5000
40.9000
20.8000
16.9000
4.7100
3.5800
173.0000
125.3000
82.3000
153.9000
70.8000
25.6000
70.7000
97.7000
209.4000
42.7000
13.7000
48.4000
97.5000
124.3000
37.2000
67.1000
11.6000
137.8000
236.9000
64.3000
46.6000
15.1000
12.0000
10.1000
48.2000
81.5000
87.4000
89.6000
134.2000
169.4000
100.3000
29.0000
13.7000
41.3000
26.6000
25.4000
74.2000
108.6000
143.4000
38.2000
24.5000
90.6000
73.6000
51.4000
107.3000
88.0000
64.3000
16.4000
49.3000
64.8000
78.5000
107.2000
30.8000
317.6000
164.6000
40.2000
13.1000
11.9000
17.9000
14.5000
174.9000
75.6000
131.1000
30.8000
34.3000
230.9000
221.2000
161.0000
29.6000
37.1000
306.5000
289.2000
103.4000
77.3000
106.0000
61.2000
33.4000
52.6000
74.6000
73.5000
26.2000
5.4600
4.7600
72.5000
175.4000
69.4000
121.6000
67.0000
43.2000
82.3000
135.0000
73.6000
136.8000
17.8000
13.9000
12.3000
12.4000
42.6000
86.8000
120.4000
15.7000
59.4000
186.1000
149.0000
41.5000
30.3000
8.1800
3.4500
49.3000
33.3000
107.2000
39.3000
9.3500
10.4000
189.3000
22.9000
73.9000
27.4000
7.6300
13.0000
47.9000
56.0000
45.1000
51.9000
105.2000
45.3000
61.4000
46.7000
15.5000
7.0300
17.8000
4.0900
5.4700
21.5000
72.5000
63.0000
102.3000
83.0000
156.2000
106.4000
52.3000
10.9000
9.1900
6.8700
47.5000
37.1000
23.4000
105.8000
87.2000
70.8000
183.6000
63.2000
16.6000
75.9000
178.0000
84.0000
72.5000
133.8000
119.5000
83.0000
73.9000
43.5000
172.0000
83.0000
39.9000
12.9000
6.1100
5.4400
48.0000
91.3000
103.3000
72.9000
59.6000
90.7000
137.3000
107.6000
16.4000
7.2500
27.8000
24.3000
25.5000
72.0000
195.7000
36.1000
20.1000
127.7000
71.7000
65.7000
35.4000
107.0000
55.7000
103.4000
148.0000
93.4000
46.3000
