107.4
123.8
124.4
165.4
69.4
69.4
263.5
225.7
145.9
47.6
90.3
177.1
56.9
98.4
175.9
238.4
65.3
23.8
14.1
11.7
13.8
23.4
65
40
33.1
31.9
84.4
447.2
218.1
108.4
54
20
55.8
20.2
92.9
147.1
84.5
71.7
61.6
181.7
41.3
30.6
16.2
11.8
6.77
8.03
28.1
100.1
70.9
53.6
211.6
145.3
106.2
53.6
26.7
61.5
110.5
151.5
168.2
135.8
89
96
243.3
159.7
259.5
116.2
44.3
29.3
13.4
72
137.3
36.5
22.7
27.9
129.8
217.8
76.7
30.6
16.7
10.2
58.1
23.5
36.7
86.9
86.9
61.9
357.5
184.5
252
154.6
261.2
91.4
79.1
95.7
110.3
94.5
130
52.5
197.5
64.8
151.7
105.2
48.2
24
17.2
28.7
25.1
29.8
119.6
87.1
125.9
233.1
194.5
79.8
46.5
53.8
26.2
16.3
145.4
57.2
31.6
45.4
306.7
193
151.3
80
26.3
18.7
7.95
8.77
64.2
208.4
232.4
165.8
108.8
135
115.2
32.4
19.9
10.4
13.6
17.2
42.2
132.9
168.4
92.4
122.8
231.2
120.7
105.8
46.4
20.7
17
25.6
152.1
199.8
138.3
204.4
271.5
234.7
70.7
60
63.9
27.7
29.7
51
160.1
144.3
154.5
120.2
128.9
309.3
172.6
126.5
155.9
24.9
40.6
15.8
124.8
188
138.3
131.6
281.9
204.8
170.3
43.7
16.9
8.97
8.71
10.6
31.1
145.2
51.5
133.2
162.4
127
184.3
34.3
12.3
8.98
15.9
25.5
130.1
118.1
73.1
62.7
155.6
165.6
58
26.6
13.5
204.9
38.4
402.5
201.2
54.1
46.2
47.2
101.5
397.3
162.3
69.6
35.3
20.7
31
44.2
87.7
133.5
89.3
69.9
95
179.6
73.1
33.2
18.7
10
8.7
15.1
66.8
244
98.3
58.4
75.7
409.6
160.1
35.1
23.3
17
30
96.2
122.7
71.6
93
81.1
112.2
245.8
68.3
25.2
16.7
14.5
29.5
209.9
160.9
199.4
103.5
98.4
68.2
337.9
131.7
82.8
50
37.4
121.4
49.8
43.6
38.6
23.1
125.9
170.5
263.4
152.3
142.3
42.3
41.2
36.7
15
35.8
46.2
151.7
50
122.5
297.1
64.4
18.7
9.18
7.19
7.4
38
85.4
109.9
45.5
38
159.4
179.1
128.6
42.7
27.2
37.3
13.9
9.99
119.9
92.9
135.6
54
196.9
177.2
57.1
23.3
12.2
7.3
5.95
4.92
5.88
45.7
42.8
117
67.6
185.8
65.4
19.6
10.4
11.2
20.2
85.5
46.6
86.9
52.5
44.9
208
95.2
83
52.4
14.4
8.04
15
24.3
104.2
63.1
71.5
62.9
90.8
297.3
107.3
43.1
41.3
31.5
15.1
28.1
80.8
140.9
46.3
61.1
212.4
139.6
220.2
124.8
51
15.7
18.1
18.5
99.9
130.5
80.8
72.9
72.4
296.5
117.8
60.7
76.2
70.9
20.5
12.6
99.5
89.8
40.5
128.9
60.5
344.9
99.4
34.1
19.1
17.8
26.8
104.8
125.5
63.5
52
80.4
124.3
267.7
144.6
35.6
14.5
25.8
72.3
51.6
75.5
193.7
92.8
60.9
170.3
298.7
151.2
299.2
129.5
44.8
18.3
30
294.7
234.3
153.1
133.5
171
208.6
209.3
118
76.1
51.5
22.6
18.1
44.4
337.8
120
126.9
154.2
208.4
122.1
66.6
44.5
27.6
60.1
49.4
88.2
161.5
117.9
138.9
220.1
153.8
167.7
143.3
89.1
38.5
65.1
105.9
107
80.1
177.8
224.8
183.8
127.7
136.4
58
69.9
50.8
38.8
210.8
94.5
61.1
29.8
33.1
379
224.8
120.4
34.3
18.1
15.4
73.7
229.6
157.6
153.6
198
82.4
128.6
260.1
284
80.6
29.9
22.2
16.3
19
31.9
98.8
239.4
76.5
327.9
167.9
149.6
74.6
28.3
29
102.4
187.9
149
89.5
52.5
21
216.6
205.3
95.9
28.1
15.9
11.1
6.3
7.95
18.2
30.7
18.2
299.4
69.7
68.5
186.2
40.5
27
13
19.7
43.4
57.2
52.3
59.8
117.9
124.1
324.7
72.4
147.5
47.6
17.1
18.3
13.4
49.7
82.8
76.3
146.4
276.3
344.6
175.6
136
30.3
15.7
9.95
11.2
77.6
216
50.4
268.8
112.3
343.6
228.3
88.9
51.8
20.7
12.6
9.64
16.9
58
43.3
47.8
116.5
72.4
60.2
38.7
89.4
65.2
54.4
86.7
141.2
109.1
78.9
88.1
266.2
108.8
92.9
122.5
35
30.6
19.1
34.1
170.6
128.5
53.3
29.9
155.7
388.7
63.2
24.4
20.8
19.7
185.3
109.2
97.9
95.4
40.8
115.2
156.5
108.2
205
48.4
69.5
49.5
42.8
22.8
161.9
53.1
36.4
52
95.5
155.5
381.7
105.3
43.8
17.5
39.7
144.8
119.7
40.8
89.6
187.1
163.7
140.7
229.1
60.7
39.6
77.5
38.2
97.8
140.9
180.2
97.8
104.4
163.7
105.3
77.7
20.5
9.63
13
10.2
50.2
80.6
97.8
78.2
52
150.9
161.9
103.7
172.4
36.8
36.7
35.3
35.1
130.6
113.6
183.2
41.1
121.5
442.8
86.5
33.8
13
8.86
12.4
23.4
153.6
152.5
54.6
79.6
180
372.7
80.5
42.5
44.9
68.2
39.7
34.9
40.5
134.5
165.3
52.4
172.5
78.3
49.5
25.5
24.1
17
12.3
131.9
222.1
59.3
293.1
136.3
130.7
239.3
170.2
110.3
199.9
49.1
80.1
186.9
141.4
257.4
79.4
83.4
155.9
171.9
133
35.7
15.8
18.9
47.7
20
156.3
75.8
215.6
103.5
206.6
157.1
232.3
195.6
62.2
18.4
11.5
35.2
26.5
32.3
176.2
131.4
162.1
95.5
65.6
35.3
15.6
9.14
87
88.1
102.7
81.6
52.9
72.9
189.5
147.7
133.4
193.4
225.5
104.7
133.3
49.9
60.6
152.3
45.6
44.2
75.8
272
68.4
87.3
26.2
14.2
15.8
10.9
9.5
45
33.2
61.3
92.5
124.5
138.6
91.7
24.4
10.5
23.3
155.5
136.1
106.3
86.6
50.8
244.6
131.3
98.1
168.7
43.7
111.7
243.4
207.9
191.2
229.7
88.2
30.7
105.4
141.6
97.2
52.5
163.8
195.7
173.4
91.8
90.5
229.8
181.3
111.4
137.6
316.9
71.7
34.6
65.1
26.2
17
348.2
123.8
119.3
239.8
126.2
36.7
94.5
185.4
295.2
109.7
36.2
137.8
229.3
238.5
109.5
203.3
40.5
194.6
324.2
69.9
32.8
27.6
34.7
15.9
70.6
159.5
156.3
156.7
265.6
335.1
200.5
89.6
86.3
56.2
44.6
32.4
74.8
112.2
266.2
80.1
64.6
197.1
139.6
129.8
248.6
114.8
112.1
39.6
118.2
107.1
139.3
154.2
63.2
388.9
146.7
53.2
33.1
18.4
32.1
19.3
178.1
112.8
215.4
40.2
62.7
394.6
261.5
231.6
99
89.4
278.8
330
207.8
109.2
212.6
124.7
89.9
107.9
92.3
211.6
90
29.4
15.7
71
164.7
94.1
125.9
105.9
93
120.1
153.1
129.9
269.9
113.2
74.8
27.5
18.7
63.3
130.2
172
41.7
80.8
220.7
174.3
61.3
129.1
25.5
12.2
22.1
31.8
117.9
78
31.9
42.9
222.2
50.2
134
97.2
31.9
51.2
70.3
151.2
152.1
119.2
165.2
87.7
95.3
92.4
40.7
90.2
58.7
19.5
16.6
35.3
116.6
136.2
145.7
155
232.2
111.8
76.4
24.3
17.1
17.3
57.5
72.9
52.4
161.8
169.1
97.2
170.4
115.3
44.1
73.9
237.2
186.1
180.3
221
243.5
217.9
153.4
107.3
220.4
181.7
83.1
43.3
25
14.6
59.7
160.4
172.7
105.8
94.5
167.1
207.5
152.3
49.4
51.3
54.9
36.2
31.7
106.3
262.9
