201.1
98.7
369.5
222.7
76
25.7
10.5
6.3
4.23
4.16
5.58
49.4
58
138.7
74
230.4
98.8
19.4
8.94
14.5
24.8
73.5
38.2
78.5
56.9
77.7
326.7
142.6
116.6
62.3
17
7.55
13.6
26.5
126.4
86.9
130.5
111.6
118.6
338.4
176.2
52.2
36.9
19.2
10.9
43.1
120.7
195.8
70.1
68
369.1
224.5
260.3
172
67.8
18.5
12
11.4
116.3
139.7
91.4
73.1
109.2
427.2
167
90.2
195
86.3
17.5
14
189.2
135.1
54.2
250.8
69.9
577.5
154.2
40.3
27.6
21.9
23.1
146.5
123.3
80.6
62.8
133.5
222.6
420.6
254.4
40.4
15.7
43.3
114.4
60.5
81.3
298.5
163
79.3
282.5
378.2
214.8
350.3
207.9
33.8
12.2
29
346.3
328.6
235.8
217
238.1
302.5
323.2
363.1
155.4
35
16.8
19.3
56.5
496.2
180.5
152.5
193.4
370.3
215.3
87.5
53.9
34
92.5
82.6
136.8
296.9
179.2
200.1
257.6
266.1
217.6
119.1
82.3
47.3
80.9
166.5
153.4
121.8
289.8
330
185.8
155.6
198.3
66.9
46.6
34.9
18.6
170.7
97.3
124.8
29.4
63.3
552.9
330.5
215.8
54.9
17
13.3
96.9
369.7
313.6
232.5
358.3
90.1
208.3
436.4
388.5
103.6
50.5
28.9
18.6
34.5
49.1
103.6
358.1
84.7
531.2
233.6
205.1
84.6
21.1
18.8
113.2
204.5
234.8
104.9
79.9
33.6
460.1
350.2
128.7
45.5
61.6
11.6
6.01
9.28
30.4
92.1
19.4
385.2
95.3
137.5
231.8
51.1
64.9
18.8
20.6
70.4
88
72.6
82.4
141.6
148.8
354
78.4
187.8
58.8
14.2
14.9
12.1
52.4
101.2
133.8
229.8
399.4
524.1
202.4
100.6
17.9
12.2
9.92
7.49
56.9
316
89.8
356.2
126.5
600
322.2
128.1
25.2
18.6
14.6
10.3
22
108.1
47.3
80.9
146.6
127.1
92.8
46.3
33.7
24.7
68.3
86.3
197.5
150.3
108.2
95.6
411.4
173.5
215.2
141.3
52.5
82.2
15.1
20.2
179
166.1
60.2
29.6
301.2
683.5
67.3
33.4
54
50.9
213.2
208
145.8
112.4
