114.8000
290.4000
226.8000
1212.0000
221.9000
61.1000
77.7000
22.6000
47.7000
127.4000
282.1000
231.9000
142.8000
383.0000
493.4000
969.2000
348.5000
67.0000
55.4000
48.7000
24.5000
26.2000
36.1000
435.2000
264.5000
86.7000
481.2000
1055.0000
533.2000
772.7000
169.4000
40.1000
21.3000
29.4000
368.9000
623.1000
455.0000
322.7000
550.9000
550.0000
330.5000
113.7000
38.6000
23.7000
25.0000
25.1000
92.2000
555.0000
327.7000
249.1000
433.1000
679.6000
271.0000
72.3000
162.7000
35.4000
113.4000
93.6000
376.3000
390.1000
327.8000
448.9000
455.0000
529.4000
346.5000
118.6000
40.0000
25.2000
383.6000
392.1000
194.3000
252.5000
218.5000
763.7000
760.3000
579.1000
394.8000
204.9000
299.2000
170.3000
181.8000
620.8000
225.3000
202.5000
87.5000
138.9000
1176.0000
435.2000
169.3000
63.7000
42.9000
90.4000
706.3000
713.1000
480.3000
559.3000
523.0000
180.0000
510.5000
944.2000
161.8000
83.0000
38.5000
57.8000
68.2000
109.5000
110.8000
260.6000
557.5000
169.9000
1149.0000
503.4000
217.1000
89.8000
24.3000
15.7000
31.1000
47.1000
253.9000
206.5000
130.9000
67.7000
614.3000
498.1000
97.8000
70.8000
75.5000
35.0000
19.3000
28.0000
108.6000
177.1000
76.3000
720.0000
224.1000
248.8000
155.7000
170.5000
56.1000
32.3000
216.1000
497.4000
311.8000
218.2000
189.9000
199.6000
496.0000
642.6000
214.5000
353.3000
113.6000
30.8000
20.7000
19.9000
88.6000
208.5000
172.4000
354.2000
297.1000
664.1000
390.3000
95.7000
21.8000
29.0000
15.0000
16.2000
122.0000
581.8000
64.9000
634.5000
247.5000
674.0000
585.1000
172.2000
174.4000
100.7000
59.3000
46.5000
140.9000
428.4000
211.8000
179.4000
501.6000
273.1000
80.2000
44.6000
26.8000
14.8000
63.5000
116.5000
401.1000
331.0000
173.2000
208.9000
860.0000
276.2000
163.8000
120.5000
59.7000
240.5000
75.2000
233.8000
531.8000
393.5000
132.9000
63.1000
630.8000
608.3000
88.7000
42.6000
44.0000
21.6000
99.6000
107.3000
201.7000
304.6000
171.9000
253.4000
505.9000
319.1000
264.9000
53.8000
47.6000
33.9000
34.7000
100.6000
431.1000
187.5000
160.1000
215.9000
453.5000
430.4000
494.7000
449.1000
82.1000
29.9000
127.8000
289.2000
370.4000
122.7000
339.2000
647.6000
403.9000
471.2000
549.9000
114.6000
90.0000
37.8000
24.9000
522.4000
506.4000
677.5000
298.5000
342.1000
597.7000
508.8000
180.8000
51.7000
24.0000
21.9000
35.7000
60.5000
147.0000
336.8000
303.5000
194.2000
530.0000
575.0000
285.3000
264.3000
283.0000
247.4000
140.7000
369.8000
589.4000
351.4000
367.7000
136.1000
373.7000
1422.0000
146.0000
91.9000
32.1000
24.5000
31.5000
42.4000
368.5000
341.2000
95.7000
201.1000
526.0000
1333.0000
206.5000
163.6000
110.4000
276.6000
62.1000
44.9000
189.1000
278.6000
314.0000
122.7000
386.7000
245.9000
114.9000
61.1000
24.1000
15.6000
13.0000
201.4000
308.6000
189.8000
647.5000
472.4000
404.6000
672.4000
641.4000
171.0000
209.8000
118.2000
118.1000
84.9000
505.2000
841.1000
220.7000
367.4000
693.6000
422.3000
270.7000
98.7000
40.2000
19.3000
19.6000
23.9000
108.5000
169.3000
716.2000
310.2000
865.5000
419.8000
203.3000
194.1000
220.8000
28.9000
21.8000
28.6000
51.8000
104.5000
423.6000
320.7000
369.3000
530.9000
107.4000
30.4000
21.1000
10.7000
32.6000
67.3000
190.3000
272.8000
371.4000
486.6000
624.6000
738.3000
927.4000
232.7000
132.5000
51.2000
79.3000
156.8000
145.5000
337.5000
115.5000
235.7000
274.9000
1168.0000
81.5000
255.1000
60.9000
24.8000
50.5000
37.7000
70.1000
250.7000
183.4000
584.1000
424.9000
447.5000
566.9000
380.6000
59.8000
23.8000
217.1000
359.0000
439.7000
333.0000
220.6000
225.5000
1016.0000
524.8000
291.6000
330.9000
208.2000
210.4000
155.0000
435.3000
573.5000
609.9000
251.7000
93.4000
786.5000
436.3000
282.8000
102.5000
325.3000
405.7000
332.3000
122.1000
313.5000
581.9000
443.2000
232.1000
372.5000
932.7000
115.5000
54.7000
44.4000
18.9000
34.4000
323.4000
485.4000
324.4000
584.5000
413.8000
407.4000
252.9000
157.9000
696.3000
388.3000
244.6000
177.7000
507.2000
576.3000
224.0000
542.8000
91.5000
970.3000
687.1000
146.3000
73.7000
42.6000
36.5000
33.2000
95.2000
293.4000
525.0000
431.7000
515.7000
766.3000
576.9000
117.1000
55.6000
126.2000
110.6000
29.1000
81.7000
302.8000
599.0000
219.7000
303.5000
788.5000
371.9000
160.3000
185.7000
129.2000
381.7000
129.1000
458.3000
321.5000
327.5000
380.4000
154.6000
577.3000
278.4000
210.8000
73.7000
50.9000
98.5000
67.8000
606.1000
346.3000
395.5000
142.8000
193.4000
1065.0000
1148.0000
350.5000
187.1000
54.1000
44.6000
694.5000
460.6000
349.3000
458.0000
446.8000
241.4000
393.0000
224.2000
290.7000
80.3000
27.0000
26.4000
20.9000
60.3000
127.2000
474.0000
451.5000
280.6000
375.7000
559.1000
248.5000
520.2000
517.8000
208.0000
362.3000
213.4000
362.2000
551.4000
414.8000
111.1000
340.5000
675.3000
387.4000
132.3000
154.2000
141.5000
86.0000
147.9000
201.0000
512.1000
217.0000
70.2000
151.3000
1103.0000
239.4000
377.3000
332.9000
51.5000
36.4000
79.2000
91.1000
243.8000
253.5000
551.6000
283.7000
318.1000
136.8000
55.2000
26.4000
63.2000
29.2000
197.0000
184.8000
390.5000
558.6000
592.4000
476.1000
813.1000
497.6000
418.1000
504.4000
97.5000
49.4000
116.1000
363.2000
159.6000
426.6000
585.7000
391.2000
588.7000
190.4000
92.4000
135.6000
243.3000
223.5000
522.3000
557.7000
602.5000
406.8000
465.2000
456.3000
536.9000
518.7000
235.0000
76.2000
55.1000
33.9000
230.9000
508.9000
454.6000
428.4000
319.8000
704.0000
387.2000
335.2000
100.1000
63.5000
36.6000
17.1000
30.2000
182.8000
512.8000
176.5000
109.8000
583.0000
279.6000
365.2000
167.1000
200.9000
394.5000
119.6000
689.8000
444.6000
422.4000
