17.8
62.4
152
454
22.9
32.4
1.3
0.869
4.69
5.85
9.61
43.7
32.1
92.7
127.3
116.7
146
235
9.45
1.62
1.98
6.82
22.5
74.1
77.2
62.6
593.7
212.5
51.5
138.4
257.2
278.7
138.3
106.3
181.2
287.4
102
35.5
325.9
249.6
213.9
23.7
235.3
116
512.3
36.6
91.6
213.4
238.8
105.2
207.7
223.7
24.7
11.7
5.74
3.5
7.82
92.5
169.7
104
264.7
101.2
113.9
106.1
47.6
222.3
56.8
29.6
172.2
158.3
161.9
92.5
143.1
21.9
328.4
131.4
59.1
14.9
2.25
1.7
22.2
8.39
64.3
206.8
92.3
239.7
335.6
172.3
34.9
8.76
9.36
24.4
6.88
14.7
29.6
132.1
48.4
117.5
176.1
101.5
41.2
98.4
25.6
39.2
6.48
39.8
30
127.8
182.4
22.5
320.4
44
68.5
64.3
6.36
5.36
14.1
78.6
58.4
184.7
31.9
99.2
375.3
335.3
217.2
15.3
2.31
4.47
112
294.2
144.6
159.8
171.3
88.7
162.1
57.9
67.8
20.5
1.96
5.22
12.5
68.4
35.1
153.7
234.3
60.6
114.3
166.8
38.2
39.6
25.7
6.28
6.31
12
23.5
112.2
102.7
69.9
222.8
286.5
238.6
93.6
25.6
6.7
2.3
7.18
11.9
57.2
23.7
6.98
170.6
293.8
21.5
136.1
68.3
3.35
28.4
35.2
78.7
162
119.1
188.9
121
129.6
70.2
8.15
0.347
4.69
0.617
85.5
25.3
115.2
281.2
244.2
139.8
245.4
215.4
31.9
20.9
13.7
6.1
36.9
63.5
21.6
88.8
197.9
156.5
177.5
74.3
14.5
54.2
85
294.8
290
299.2
297.2
179.4
155.9
160.4
241.9
156
142
39.2
13.9
14.8
104
77.3
215.8
113.1
205.7
234.4
185.2
151
12.9
5.21
0.465
0.736
5.88
8.77
137.2
60
30.5
208.1
186.4
188.8
34.3
280.6
367.7
128.5
291.2
100.5
106.9
