182.1000
169.9000
137.3000
164.6000
133.8000
91.4000
87.7000
77.9000
59.8000
113.9000
95.6000
130.8000
92.3000
233.4000
137.7000
188.7000
163.6000
204.8000
181.1000
326.5000
189.5000
129.9000
109.6000
101.7000
126.6000
204.6000
210.3000
219.5000
160.2000
129.4000
77.5000
63.3000
87.2000
188.1000
129.5000
93.1000
83.8000
137.3000
141.1000
137.5000
91.9000
88.6000
50.0000
33.9000
42.7000
30.4000
35.9000
62.2000
106.2000
73.5000
72.3000
78.3000
68.9000
57.7000
34.6000
83.7000
40.8000
30.2000
32.5000
41.7000
79.6000
60.2000
112.9000
96.0000
106.3000
70.6000
55.5000
52.1000
42.2000
97.5000
138.7000
91.5000
107.2000
122.7000
163.1000
275.1000
209.6000
136.2000
105.6000
361.7000
146.5000
105.0000
86.6000
82.4000
114.0000
70.9000
169.3000
143.8000
154.4000
106.4000
74.0000
108.2000
188.0000
92.0000
97.5000
137.4000
122.8000
167.1000
156.7000
197.3000
134.5000
102.7000
114.9000
67.9000
135.9000
61.5000
108.4000
84.6000
250.1000
260.3000
311.2000
199.2000
122.0000
92.7000
74.9000
52.2000
42.4000
55.4000
46.5000
106.7000
144.6000
198.2000
141.6000
189.0000
148.3000
139.0000
160.1000
103.3000
67.3000
147.1000
190.7000
107.5000
107.1000
113.6000
128.9000
109.3000
94.1000
90.0000
131.8000
109.5000
80.7000
61.8000
63.3000
104.8000
105.8000
220.3000
184.8000
204.0000
135.4000
127.6000
79.7000
72.8000
59.5000
90.1000
62.0000
58.3000
69.8000
135.8000
168.3000
233.9000
166.6000
110.8000
72.9000
79.2000
111.7000
70.3000
129.4000
114.4000
132.0000
159.8000
171.8000
134.3000
104.5000
158.8000
87.1000
54.6000
39.8000
33.9000
41.4000
59.8000
55.9000
105.5000
116.3000
107.4000
117.4000
91.6000
106.9000
244.8000
101.2000
184.3000
146.0000
176.1000
155.7000
201.7000
196.5000
170.9000
199.1000
130.2000
127.3000
64.7000
45.0000
115.7000
159.4000
89.8000
205.6000
83.4000
175.0000
171.4000
156.1000
115.9000
63.1000
49.4000
66.3000
61.3000
61.5000
100.7000
148.3000
224.2000
134.8000
141.2000
114.1000
98.0000
248.2000
160.3000
162.5000
109.8000
128.6000
178.8000
153.4000
150.0000
136.0000
98.8000
158.0000
221.7000
110.5000
98.7000
70.1000
68.2000
59.7000
66.4000
94.1000
66.3000
101.1000
76.8000
118.5000
117.0000
109.1000
57.8000
51.0000
42.6000
124.3000
62.4000
136.5000
192.4000
136.0000
155.7000
207.4000
156.1000
141.6000
106.1000
75.3000
74.2000
102.1000
148.4000
223.6000
217.6000
184.9000
177.2000
158.4000
101.3000
202.0000
86.3000
63.3000
64.5000
57.2000
72.9000
62.0000
120.0000
142.4000
107.4000
110.7000
88.8000
54.3000
76.0000
123.8000
78.3000
161.4000
244.8000
172.6000
274.5000
164.4000
170.4000
120.5000
153.2000
193.2000
137.8000
94.1000
68.2000
149.9000
171.5000
210.6000
200.3000
253.3000
359.1000
336.9000
208.4000
166.9000
111.1000
143.3000
68.0000
173.2000
161.2000
245.6000
199.3000
255.0000
220.3000
209.8000
156.2000
120.3000
77.5000
101.6000
68.8000
87.7000
152.5000
95.4000
82.6000
123.5000
94.2000
140.1000
63.9000
44.1000
43.3000
33.9000
40.4000
52.1000
64.9000
48.2000
112.1000
125.9000
98.3000
69.5000
107.3000
47.2000
262.8000
99.4000
137.4000
98.9000
76.8000
92.4000
192.7000
164.6000
157.1000
112.9000
113.1000
109.5000
87.6000
69.6000
83.4000
155.8000
115.2000
112.0000
142.2000
133.8000
186.7000
146.5000
102.1000
65.7000
48.2000
77.1000
74.4000
80.0000
183.6000
265.5000
232.2000
270.5000
321.0000
258.2000
164.2000
117.5000
93.7000
68.6000
61.4000
79.6000
61.0000
88.8000
94.7000
81.5000
93.4000
62.4000
61.8000
45.2000
47.5000
49.6000
48.4000
54.8000
88.0000
105.5000
128.4000
114.9000
189.2000
215.0000
127.6000
104.5000
106.2000
193.4000
96.9000
100.3000
73.2000
151.7000
241.9000
256.0000
298.1000
198.7000
151.8000
122.6000
91.4000
55.6000
53.1000
60.2000
67.8000
95.7000
164.8000
208.7000
181.9000
101.1000
93.1000
62.7000
42.7000
34.1000
43.3000
81.1000
60.9000
100.5000
109.5000
211.1000
63.2000
50.9000
59.1000
33.3000
30.1000
29.0000
26.0000
62.1000
57.0000
193.7000
92.0000
160.3000
163.9000
128.0000
71.7000
85.6000
44.7000
33.9000
41.5000
51.7000
73.0000
75.9000
132.9000
122.2000
90.2000
68.5000
48.6000
64.2000
41.0000
35.6000
44.3000
37.0000
37.8000
41.7000
166.9000
100.0000
79.3000
83.6000
42.8000
21.0000
17.4000
36.5000
44.6000
57.4000
57.7000
81.9000
73.4000
164.3000
95.5000
109.5000
60.4000
99.8000
267.7000
87.1000
76.6000
77.7000
122.0000
153.4000
98.6000
153.1000
100.5000
119.7000
98.5000
74.1000
60.4000
112.6000
61.2000
95.4000
85.3000
73.3000
76.9000
89.7000
74.0000
54.5000
46.7000
66.9000
48.4000
46.3000
36.5000
45.6000
85.6000
96.5000
186.5000
120.3000
224.0000
120.6000
159.6000
182.5000
120.7000
59.7000
63.2000
135.1000
117.6000
138.8000
367.6000
181.4000
139.1000
170.2000
153.2000
98.1000
316.5000
176.5000
162.8000
213.8000
189.8000
159.1000
229.8000
229.7000
210.9000
199.2000
576.4000
278.6000
135.3000
104.0000
95.0000
212.9000
283.6000
235.0000
266.4000
201.2000
330.7000
255.6000
212.5000
136.2000
92.0000
81.5000
76.4000
68.0000
208.5000
174.1000
126.6000
131.2000
198.1000
147.9000
109.2000
72.5000
83.6000
100.3000
64.8000
62.9000
154.2000
129.5000
150.2000
189.4000
160.9000
222.6000
247.2000
261.0000
127.3000
345.3000
207.9000
171.7000
152.0000
313.2000
197.0000
154.1000
158.7000
120.8000
108.4000
72.1000
68.8000
94.3000
125.7000
83.2000
84.8000
73.4000
124.0000
180.8000
215.8000
96.4000
99.3000
63.2000
59.3000
49.2000
56.5000
105.3000
201.2000
377.0000
144.8000
394.7000
195.0000
208.6000
128.3000
108.1000
80.9000
60.4000
53.2000
61.0000
126.7000
398.0000
415.2000
217.6000
169.1000
188.9000
166.2000
116.4000
127.5000
337.1000
317.0000
165.4000
137.6000
136.8000
105.5000
190.0000
189.6000
177.2000
155.9000
88.1000
63.5000
47.6000
54.6000
62.2000
49.5000
43.7000
124.2000
62.2000
82.4000
72.5000
69.2000
58.5000
36.5000
35.1000
37.2000
36.6000
51.0000
76.8000
213.7000
83.8000
97.6000
80.0000
162.3000
73.0000
50.4000
52.8000
47.6000
57.4000
56.7000
66.2000
90.7000
175.1000
349.9000
244.5000
172.2000
107.5000
72.2000
52.7000
77.9000
115.5000
286.2000
167.9000
282.7000
226.5000
379.0000
266.1000
165.4000
262.5000
98.2000
73.8000
86.8000
96.7000
97.3000
76.8000
235.5000
94.7000
93.6000
96.2000
65.1000
71.3000
47.4000
85.9000
57.7000
101.3000
97.5000
94.1000
149.5000
128.6000
131.8000
87.7000
56.7000
38.9000
37.3000
29.0000
32.8000
72.7000
134.8000
114.7000
101.3000
146.8000
125.7000
103.1000
72.3000
97.5000
55.5000
167.0000
79.6000
125.3000
114.6000
158.1000
188.1000
132.1000
126.0000
262.2000
119.5000
95.7000
72.1000
68.2000
61.3000
96.5000
76.8000
100.7000
100.5000
133.5000
125.2000
420.7000
199.8000
203.8000
115.4000
97.3000
135.2000
137.2000
93.9000
180.9000
144.4000
112.5000
137.1000
176.8000
134.6000
138.5000
133.9000
87.1000
107.5000
129.1000
167.1000
205.9000
144.9000
164.5000
146.8000
106.0000
68.4000
52.0000
45.4000
53.1000
51.3000
57.7000
92.3000
67.6000
69.4000
115.1000
94.2000
80.5000
88.6000
63.9000
48.2000
56.8000
60.3000
94.3000
137.4000
123.8000
105.3000
393.0000
336.0000
203.8000
142.1000
85.6000
74.5000
91.4000
76.6000
197.6000
242.3000
203.3000
291.2000
486.3000
289.4000
181.3000
110.4000
121.0000
102.0000
71.1000
63.7000
78.3000
100.3000
194.6000
108.8000
141.6000
96.4000
106.5000
85.4000
81.5000
49.1000
43.7000
152.7000
184.8000
106.5000
421.9000
226.6000
198.3000
222.9000
188.3000
145.2000
191.8000
186.4000
145.1000
197.5000
239.4000
391.5000
234.1000
195.6000
220.5000
177.1000
127.5000
100.6000
60.0000
43.7000
46.8000
40.0000
80.0000
61.0000
140.7000
194.6000
278.7000
250.9000
266.5000
168.0000
99.8000
83.4000
56.8000
69.8000
54.7000
51.7000
194.1000
94.1000
117.5000
104.1000
83.3000
61.3000
36.4000
25.2000
116.0000
81.9000
74.9000
107.0000
80.9000
138.8000
198.2000
189.4000
130.3000
97.7000
88.2000
57.4000
80.3000
52.0000
54.5000
98.8000
84.4000
106.7000
155.2000
146.1000
101.6000
84.2000
49.0000
53.9000
35.0000
32.4000
34.0000
38.4000
45.6000
37.6000
59.9000
47.8000
47.7000
35.2000
15.7000
14.7000
26.1000
65.8000
99.2000
130.4000
162.5000
227.5000
304.8000
166.2000
167.5000
288.9000
176.9000
152.0000
204.3000
175.9000
211.2000
321.6000
188.8000
283.6000
158.5000
208.2000
165.9000
253.6000
171.2000
183.1000
157.7000
106.6000
127.5000
166.9000
191.1000
156.9000
204.3000
302.1000
160.1000
120.2000
170.7000
72.1000
45.0000
207.6000
92.3000
126.9000
174.5000
177.7000
117.5000
169.8000
102.2000
255.5000
143.6000
68.7000
98.6000
91.0000
233.9000
122.6000
179.4000
140.3000
234.2000
248.6000
149.3000
105.4000
77.0000
62.1000
38.4000
59.8000
53.2000
91.8000
71.1000
157.1000
127.7000
120.7000
165.6000
96.8000
76.0000
47.5000
91.2000
61.6000
63.3000
130.3000
92.4000
73.6000
65.8000
115.2000
130.6000
107.3000
75.5000
82.2000
121.7000
161.6000
156.0000
324.5000
224.9000
184.6000
313.2000
203.9000
135.9000
87.8000
85.9000
69.2000
121.8000
122.3000
79.4000
105.5000
72.3000
154.5000
278.7000
234.7000
222.7000
130.8000
83.3000
106.6000
400.9000
140.1000
212.4000
225.3000
161.8000
130.7000
123.3000
104.1000
108.7000
130.4000
66.9000
48.3000
50.6000
227.1000
117.8000
128.5000
188.5000
165.5000
165.1000
138.6000
116.5000
148.7000
104.3000
121.6000
57.9000
145.4000
87.4000
152.0000
192.8000
227.0000
262.3000
314.4000
337.4000
208.6000
149.0000
94.3000
71.8000
83.3000
87.7000
108.8000
109.0000
88.1000
298.7000
110.0000
87.7000
150.4000
118.1000
66.1000
122.6000
113.1000
88.1000
115.0000
122.1000
320.6000
176.0000
144.6000
140.3000
95.0000
82.4000
80.4000
62.2000
55.2000
49.6000
70.1000
79.5000
63.2000
82.8000
145.6000
115.7000
68.1000
85.8000
115.6000
72.5000
66.2000
65.3000
55.6000
58.8000
138.7000
118.6000
148.9000
206.7000
188.3000
236.4000
288.3000
371.6000
219.1000
397.1000
385.3000
347.5000
280.0000
380.5000
255.7000
254.8000
153.3000
150.2000
89.5000
62.0000
85.6000
116.2000
114.6000
126.9000
140.7000
122.2000
202.6000
189.7000
203.2000
104.7000
110.8000
66.5000
72.5000
94.2000
190.1000
142.3000
155.0000
188.7000
151.0000
124.5000
116.7000
79.4000
78.6000
164.6000
99.0000
96.1000
73.4000
