175.6000
146.4000
90.8000
85.8000
27.1000
58.5000
33.3000
13.5000
6.6200
9.8400
30.5000
85.0000
80.9000
167.6000
163.4000
81.9000
100.1000
23.9000
9.9700
10.8000
98.1000
44.9000
54.6000
130.5000
188.7000
193.6000
134.6000
146.2000
87.0000
128.5000
29.5000
6.6600
3.7100
3.2200
15.1000
58.1000
251.0000
70.9000
217.8000
158.7000
160.6000
37.7000
7.4700
4.2600
3.1400
2.9900
26.0000
45.7000
172.0000
126.2000
233.0000
114.3000
61.6000
30.7000
4.9800
4.3700
2.8100
1.6200
2.3200
5.9600
23.2000
19.4000
146.2000
43.1000
58.2000
51.7000
11.3000
36.4000
17.2000
156.9000
88.1000
143.1000
70.5000
127.0000
285.6000
90.8000
45.5000
117.7000
11.0000
76.2000
10.9000
6.2200
14.9000
13.3000
28.8000
307.4000
186.2000
165.2000
163.6000
114.6000
23.4000
115.6000
15.9000
14.0000
39.8000
155.9000
143.4000
186.1000
99.2000
157.1000
41.3000
19.1000
10.2000
3.5100
3.7500
52.6000
26.6000
168.6000
71.5000
62.8000
154.9000
278.2000
177.7000
16.4000
15.0000
36.2000
5.0300
3.4100
5.4900
8.8400
36.5000
121.4000
122.0000
131.2000
59.0000
17.4000
6.5800
5.1000
4.7200
65.0000
83.3000
107.9000
129.7000
72.8000
172.1000
196.1000
157.6000
31.8000
10.0000
3.9800
11.3000
4.1800
5.6800
6.7500
27.4000
242.1000
254.6000
229.1000
91.4000
70.5000
11.5000
8.7500
3.5500
2.9200
6.3300
34.2000
62.6000
144.1000
231.7000
160.7000
27.4000
29.3000
8.9800
2.8400
4.4400
13.9000
63.0000
29.4000
85.6000
30.6000
348.1000
68.2000
37.5000
60.9000
8.2500
3.3200
2.0400
1.5200
9.4700
16.9000
88.9000
35.0000
275.3000
231.4000
55.2000
19.7000
13.1000
3.5500
5.2700
5.5700
15.5000
58.5000
152.0000
129.0000
216.3000
135.3000
36.1000
5.4800
2.6800
4.5400
7.8800
12.1000
9.8300
11.5000
37.3000
152.8000
132.6000
147.6000
87.5000
12.3000
2.7100
2.0500
7.5400
11.7000
19.7000
45.2000
46.7000
79.0000
277.3000
93.2000
151.3000
20.7000
15.4000
6.6300
2.8000
7.1800
16.2000
88.2000
68.5000
66.9000
184.3000
33.0000
204.7000
76.4000
6.4300
5.4500
2.8900
3.2400
42.7000
78.4000
88.9000
50.0000
105.6000
60.0000
25.3000
9.3600
37.8000
33.6000
15.9000
6.4200
33.8000
65.3000
111.8000
108.4000
161.7000
330.9000
38.6000
65.2000
10.8000
6.2300
6.7900
20.5000
82.4000
163.9000
124.0000
262.6000
170.5000
70.7000
130.3000
19.4000
8.3500
16.1000
54.9000
31.4000
48.6000
158.4000
69.5000
108.1000
293.4000
183.9000
100.8000
102.3000
49.6000
16.5000
5.5000
34.5000
128.5000
255.9000
69.5000
107.1000
142.9000
269.0000
85.4000
44.5000
17.2000
31.1000
15.7000
47.2000
85.1000
150.1000
207.8000
53.8000
82.2000
106.5000
61.3000
92.1000
26.1000
18.7000
13.3000
5.8500
12.0000
153.1000
215.2000
203.6000
193.7000
142.9000
132.3000
22.5000
11.5000
12.0000
58.2000
76.9000
34.5000
43.1000
126.4000
173.2000
69.2000
59.8000
28.3000
35.4000
11.1000
7.1300
5.3300
125.4000
54.1000
59.1000
13.7000
129.7000
234.1000
109.3000
26.6000
16.1000
7.3300
9.0600
4.0300
11.9000
83.6000
165.0000
81.2000
34.4000
245.9000
156.3000
184.9000
25.1000
71.6000
56.7000
19.7000
7.4300
14.1000
164.4000
127.7000
103.2000
277.4000
119.5000
115.9000
52.2000
21.7000
18.5000
52.6000
110.6000
81.0000
75.0000
48.9000
61.3000
188.2000
266.3000
154.0000
59.0000
25.4000
17.6000
7.5800
10.6000
35.7000
60.8000
14.7000
172.3000
101.4000
182.2000
100.8000
153.5000
30.4000
11.2000
52.2000
31.5000
29.8000
96.8000
90.5000
207.4000
257.9000
78.5000
38.5000
87.9000
13.8000
7.5800
4.5500
4.8100
17.0000
38.5000
23.9000
92.7000
168.6000
240.8000
148.5000
46.4000
7.6600
3.8000
4.4100
18.6000
86.0000
153.4000
26.5000
176.1000
178.7000
228.6000
90.6000
16.7000
34.5000
38.1000
7.4500
11.6000
59.7000
124.1000
35.0000
139.4000
135.6000
86.3000
65.9000
24.0000
35.6000
7.5200
2.0700
18.2000
336.4000
79.8000
68.2000
258.6000
139.8000
84.1000
40.9000
12.5000
26.7000
5.7700
3.8300
19.6000
105.7000
123.7000
68.9000
50.5000
118.6000
234.4000
64.9000
15.8000
5.7300
2.9200
11.1000
8.8300
39.7000
107.8000
97.5000
93.1000
87.5000
94.7000
191.3000
17.3000
2.9000
21.0000
40.3000
34.3000
119.5000
51.5000
120.1000
104.7000
171.8000
76.5000
186.3000
50.7000
111.4000
18.6000
21.0000
46.6000
72.5000
40.8000
145.9000
123.9000
30.8000
45.9000
130.0000
29.7000
68.9000
12.6000
39.9000
115.4000
27.6000
186.3000
135.2000
140.5000
140.0000
124.1000
21.8000
5.6400
3.7600
3.0400
1.7800
3.0300
7.4300
26.8000
39.8000
121.8000
146.5000
91.0000
59.5000
30.0000
10.8000
9.6500
6.4300
3.8000
35.6000
128.9000
130.4000
41.0000
317.4000
342.6000
49.2000
29.6000
9.8700
7.0600
16.0000
19.8000
99.4000
106.6000
88.8000
173.1000
361.9000
191.0000
84.3000
10.8000
9.7700
14.6000
5.7500
2.6500
14.9000
56.6000
153.8000
61.7000
73.0000
53.0000
126.6000
101.0000
29.8000
7.6800
3.0100
11.8000
52.2000
66.2000
228.8000
241.0000
208.9000
101.0000
235.3000
108.0000
77.9000
98.0000
232.8000
78.6000
111.7000
174.4000
37.8000
154.5000
187.5000
35.4000
65.9000
100.4000
7.3700
8.1800
6.5100
5.0800
124.5000
88.3000
140.4000
246.0000
256.0000
154.6000
147.2000
43.4000
17.3000
14.1000
4.6100
3.7900
2.2900
2.3700
82.1000
64.1000
165.3000
200.3000
39.6000
9.7100
2.6000
1.5700
3.5600
5.5200
12.3000
28.8000
23.1000
157.1000
86.9000
100.2000
55.9000
57.4000
10.8000
44.9000
34.7000
12.8000
21.4000
43.0000
40.1000
136.4000
163.2000
112.0000
74.5000
108.8000
30.0000
47.8000
6.9400
4.1700
5.4300
20.4000
51.6000
37.0000
124.0000
122.6000
139.6000
32.6000
10.3000
3.8000
4.0600
22.0000
86.8000
80.4000
121.5000
51.9000
317.3000
140.5000
200.4000
218.0000
32.8000
13.5000
156.8000
53.6000
173.2000
127.7000
60.3000
89.0000
258.7000
189.1000
112.1000
36.5000
9.6800
13.3000
131.7000
22.9000
86.9000
106.7000
176.0000
113.1000
188.3000
87.3000
37.2000
23.9000
8.5900
3.0600
1.5500
14.8000
56.3000
58.9000
190.7000
72.2000
55.3000
98.4000
103.6000
32.5000
13.0000
2.4900
6.5600
13.1000
73.7000
41.9000
61.4000
29.4000
309.7000
169.2000
33.8000
12.2000
6.5400
40.5000
5.7800
10.4000
32.0000
206.5000
117.0000
167.0000
189.3000
97.5000
234.8000
98.1000
28.8000
37.6000
13.8000
5.8000
15.5000
210.4000
72.6000
141.1000
57.1000
132.1000
164.0000
94.7000
14.2000
8.0200
3.9300
27.4000
17.1000
117.9000
141.6000
42.1000
434.2000
42.6000
85.2000
20.3000
7.4900
2.9600
4.5700
6.1600
25.3000
72.5000
19.9000
176.6000
290.6000
302.6000
281.3000
25.7000
5.0000
3.9600
52.7000
65.1000
122.0000
127.5000
140.8000
79.4000
121.8000
52.1000
65.8000
16.4000
13.1000
5.0600
3.5700
13.6000
48.3000
77.5000
161.4000
96.8000
119.0000
141.1000
136.6000
18.0000
74.5000
62.0000
13.1000
12.9000
15.8000
119.3000
54.5000
104.3000
153.3000
82.9000
182.0000
82.5000
8.4400
7.3100
3.0400
10.0000
10.0000
55.7000
27.2000
48.7000
229.2000
127.5000
61.1000
139.9000
55.4000
6.3400
10.4000
26.4000
29.3000
84.6000
62.6000
203.1000
91.2000
36.6000
139.1000
65.5000
10.7000
5.8700
12.0000
25.8000
6.5000
96.3000
204.4000
139.0000
164.9000
128.1000
230.7000
84.0000
71.3000
88.7000
7.0200
27.5000
71.8000
20.9000
87.8000
275.2000
127.1000
249.8000
177.4000
128.9000
45.1000
77.5000
450.4000
96.5000
226.1000
223.2000
140.0000
205.7000
161.2000
115.5000
162.7000
55.1000
56.6000
10.0000
4.1100
10.5000
11.1000
86.4000
131.0000
104.9000
107.9000
195.9000
145.2000
37.9000
14.7000
9.7700
10.4000
20.9000
45.1000
94.2000
63.8000
69.0000
149.8000
66.6000
78.2000
21.8000
5.3500
5.4500
69.2000
19.6000
21.7000
38.5000
