635.3000
680.6000
1450.0000
1393.0000
1379.0000
628.7000
181.6000
97.7000
83.5000
793.2000
974.9000
610.0000
427.5000
507.3000
818.7000
649.3000
233.3000
163.6000
70.5000
54.1000
52.3000
49.3000
62.7000
100.5000
283.9000
434.4000
634.7000
1346.0000
981.9000
786.6000
241.0000
443.6000
154.1000
102.0000
82.0000
272.7000
698.1000
1472.0000
1621.0000
1010.0000
1500.0000
281.2000
403.4000
93.6000
60.0000
306.8000
788.2000
446.9000
708.0000
1112.0000
1563.0000
2065.0000
1617.0000
271.8000
316.0000
623.6000
375.3000
122.4000
188.4000
400.3000
628.6000
211.9000
1591.0000
746.3000
370.5000
199.3000
101.3000
89.1000
176.2000
165.5000
345.5000
829.3000
1350.0000
1504.0000
1506.0000
1936.0000
982.0000
367.7000
408.1000
675.3000
732.9000
142.7000
437.9000
606.3000
1421.0000
1818.0000
4090.0000
1418.0000
380.9000
261.8000
341.9000
138.4000
80.8000
375.1000
226.4000
885.8000
2355.0000
1118.0000
894.6000
1311.0000
787.5000
307.1000
155.4000
243.6000
399.2000
1580.0000
530.0000
511.9000
663.8000
825.6000
868.5000
590.3000
1046.0000
676.5000
405.9000
332.9000
146.4000
92.9000
173.0000
372.3000
1210.0000
2880.0000
1495.0000
1324.0000
556.5000
374.9000
1085.0000
411.3000
122.7000
156.2000
140.0000
179.1000
182.8000
693.9000
1010.0000
1923.0000
1388.0000
1794.0000
303.4000
379.5000
301.1000
149.0000
311.3000
435.7000
503.0000
265.6000
708.2000
1061.0000
241.8000
361.9000
330.1000
213.3000
134.6000
73.1000
117.3000
276.9000
289.9000
550.0000
991.5000
626.6000
2086.0000
496.9000
143.9000
959.9000
245.9000
773.1000
582.4000
1459.0000
1292.0000
1687.0000
1726.0000
1231.0000
858.7000
371.5000
780.4000
160.1000
92.7000
89.2000
131.9000
120.0000
424.5000
869.1000
1950.0000
1167.0000
1307.0000
393.6000
123.2000
98.6000
188.1000
529.4000
260.9000
844.0000
793.4000
1568.0000
1446.0000
566.1000
599.8000
345.5000
262.2000
230.6000
804.6000
177.1000
443.4000
535.5000
1215.0000
995.5000
1171.0000
533.1000
1194.0000
444.8000
282.4000
106.5000
62.9000
106.9000
88.1000
140.6000
679.2000
307.3000
1064.0000
803.2000
622.0000
448.2000
223.3000
173.0000
152.1000
85.4000
424.3000
280.5000
353.0000
1370.0000
1665.0000
1757.0000
1000.0000
353.6000
205.5000
308.0000
238.3000
585.6000
688.3000
1901.0000
1649.0000
1516.0000
874.3000
1406.0000
696.5000
2175.0000
1479.0000
535.6000
277.9000
241.3000
510.1000
921.0000
747.1000
1682.0000
1371.0000
705.6000
1151.0000
632.7000
197.6000
116.4000
1196.0000
352.4000
667.1000
1673.0000
1177.0000
1986.0000
1539.0000
1782.0000
942.6000
1268.0000
248.9000
146.5000
125.9000
89.9000
203.7000
664.1000
1762.0000
944.4000
1574.0000
1889.0000
1206.0000
315.5000
163.8000
155.6000
126.2000
89.9000
177.0000
515.2000
1427.0000
1251.0000
1668.0000
1309.0000
1240.0000
331.4000
151.0000
97.9000
70.2000
64.6000
80.1000
148.1000
428.7000
376.5000
1485.0000
732.8000
526.8000
374.0000
268.6000
212.8000
108.5000
795.7000
689.5000
1181.0000
696.3000
1412.0000
2583.0000
543.5000
559.4000
672.3000
170.7000
1290.0000
166.9000
110.3000
170.2000
177.5000
197.4000
1751.0000
1595.0000
1316.0000
687.5000
635.5000
262.9000
707.0000
155.9000
151.6000
281.7000
487.5000
1136.0000
1749.0000
896.5000
1627.0000
505.6000
528.2000
177.5000
71.9000
77.3000
171.5000
216.2000
808.5000
527.5000
737.8000
1310.0000
2669.0000
1518.0000
236.8000
224.5000
370.1000
113.1000
78.5000
110.1000
119.1000
404.9000
355.5000
624.0000
1241.0000
745.9000
646.9000
114.1000
80.3000
56.1000
331.8000
315.9000
783.1000
1024.0000
921.7000
1690.0000
2071.0000
1670.0000
570.3000
163.6000
124.8000
376.8000
114.3000
143.6000
120.2000
238.7000
2425.0000
1785.0000
1907.0000
1358.0000
624.0000
213.0000
171.2000
107.3000
267.6000
374.7000
1030.0000
945.6000
1425.0000
2785.0000
1427.0000
489.8000
447.0000
177.8000
91.9000
67.6000
109.9000
733.5000
303.5000
863.8000
265.4000
3767.0000
542.2000
367.5000
352.7000
171.0000
110.0000
79.2000
66.5000
258.6000
295.0000
1137.0000
454.2000
2764.0000
1063.0000
563.3000
174.0000
121.3000
83.7000
129.2000
184.5000
235.1000
607.8000
1570.0000
1245.0000
1693.0000
1751.0000
524.0000
138.4000
96.6000
63.3000
92.8000
114.3000
82.9000
95.1000
228.4000
993.0000
912.5000
1445.0000
974.4000
166.0000
73.3000
71.6000
427.7000
692.1000
473.4000
561.3000
788.1000
649.5000
2992.0000
538.6000
1629.0000
387.9000
255.7000
175.0000
109.5000
277.2000
253.5000
1094.0000
735.5000
800.2000
1641.0000
590.4000
1031.0000
511.4000
113.4000
80.8000
52.9000
92.9000
247.5000
300.6000
388.5000
471.4000
820.5000
714.4000
404.3000
165.2000
175.3000
394.3000
208.5000
119.6000
195.8000
574.5000
1038.0000
1051.0000
1203.0000
2044.0000
397.4000
157.8000
154.0000
162.6000
98.8000
141.4000
760.6000
1032.0000
1366.0000
2367.0000
1418.0000
852.4000
811.0000
684.3000
156.9000
170.0000
575.9000
595.8000
376.5000
973.1000
836.1000
1893.0000
1571.0000
1748.0000
1566.0000
1265.0000
907.3000
405.2000
139.4000
1392.0000
1677.0000
2511.0000
782.0000
1514.0000
1627.0000
2562.0000
1130.0000
505.7000
187.2000
195.6000
125.1000
384.8000
630.2000
2130.0000
1646.0000
959.9000
1174.0000
1177.0000
734.5000
1602.0000
288.2000
186.9000
246.7000
185.5000
223.9000
1143.0000
1413.0000
1512.0000
2062.0000
980.2000
1458.0000
481.2000
265.9000
221.5000
693.9000
1098.0000
500.2000
457.4000
1511.0000
1056.0000
827.8000
469.0000
277.6000
474.2000
228.0000
112.5000
87.5000
1863.0000
642.2000
640.4000
206.6000
725.2000
1581.0000
1440.0000
236.3000
163.5000
98.7000
81.2000
91.7000
167.5000
842.5000
1204.0000
1423.0000
443.4000
2837.0000
883.0000
1286.0000
314.3000
506.1000
700.8000
128.4000
94.8000
127.8000
863.1000
1710.0000
1917.0000
2039.0000
1020.0000
974.0000
976.7000
278.8000
271.4000
1017.0000
1599.0000
997.5000
653.5000
1046.0000
636.4000
1802.0000
2461.0000
1589.0000
469.5000
304.6000
269.8000
114.7000
109.0000
256.3000
290.3000
143.0000
914.9000
553.1000
688.9000
978.4000
1285.0000
264.4000
95.0000
192.0000
271.7000
234.0000
526.2000
682.4000
2130.0000
2673.0000
829.0000
446.5000
1214.0000
267.8000
185.5000
111.7000
154.5000
365.2000
800.0000
323.4000
1138.0000
1589.0000
2512.0000
1469.0000
384.1000
138.4000
86.4000
71.2000
240.8000
549.1000
1407.0000
479.5000
1985.0000
2248.0000
2500.0000
971.1000
218.7000
374.3000
1020.0000
137.0000
211.4000
584.9000
997.6000
620.7000
1495.0000
1222.0000
647.7000
1641.0000
674.5000
509.1000
224.5000
95.9000
165.0000
5569.0000
686.3000
306.1000
963.6000
1308.0000
398.5000
440.1000
266.6000
330.9000
130.6000
117.3000
200.8000
834.6000
971.8000
743.0000
950.5000
1498.0000
2612.0000
1225.0000
345.7000
130.2000
94.5000
393.9000
177.5000
361.4000
902.2000
892.4000
538.2000
572.3000
513.7000
1341.0000
242.7000
106.4000
81.5000
118.8000
97.1000
333.8000
241.5000
649.0000
616.8000
1509.0000
823.2000
2374.0000
574.6000
591.2000
1147.0000
677.0000
900.1000
870.0000
428.2000
1570.0000
1139.0000
542.6000
902.2000
1295.0000
523.8000
229.6000
141.0000
134.4000
609.7000
276.7000
972.4000
1898.0000
593.8000
2145.0000
851.1000
309.4000
128.4000
149.6000
138.7000
70.6000
63.5000
108.5000
646.9000
680.2000
920.9000
1503.0000
1191.0000
862.1000
651.9000
383.7000
205.4000
142.3000
81.5000
212.1000
750.2000
622.0000
374.7000
3369.0000
2888.0000
697.4000
235.0000
87.6000
76.7000
134.6000
119.5000
744.8000
1450.0000
1789.0000
3519.0000
3655.0000
1411.0000
1817.0000
237.2000
434.6000
558.8000
142.9000
88.8000
143.9000
281.4000
1524.0000
661.7000
777.2000
520.7000
1508.0000
442.6000
389.3000
350.0000
89.7000
150.1000
399.9000
528.2000
3386.0000
1822.0000
1950.0000
964.6000
3546.0000
1063.0000
1025.0000
1601.0000
2968.0000
476.1000
1644.0000
1914.0000
719.2000
1248.0000
2718.0000
640.3000
662.1000
825.2000
195.9000
153.0000
129.8000
142.9000
718.7000
462.1000
2131.0000
2974.0000
3468.0000
1660.0000
1173.0000
678.4000
251.6000
128.8000
105.1000
93.3000
95.8000
107.9000
1078.0000
495.7000
1490.0000
628.6000
408.4000
125.4000
63.9000
66.7000
283.6000
239.1000
362.0000
645.6000
300.9000
1455.0000
1113.0000
946.2000
472.6000
281.2000
153.6000
237.9000
479.1000
169.9000
145.2000
458.4000
445.1000
871.9000
1153.0000
1411.0000
922.0000
505.9000
405.9000
367.4000
131.1000
79.6000
81.2000
118.5000
193.9000
236.5000
865.7000
2230.0000
1615.0000
360.4000
225.8000
110.2000
134.3000
482.7000
1076.0000
1253.0000
1027.0000
1515.0000
3061.0000
2297.0000
2891.0000
2196.0000
486.6000
535.3000
1483.0000
517.5000
1904.0000
1574.0000
645.6000
1465.0000
1786.0000
1884.0000
1224.0000
758.2000
219.5000
142.2000
1244.0000
511.5000
869.8000
1278.0000
805.2000
652.9000
2063.0000
1474.0000
1081.0000
328.2000
536.8000
304.3000
113.8000
137.8000
516.4000
690.4000
1395.0000
766.1000
401.9000
1516.0000
490.8000
653.4000
352.2000
91.7000
186.3000
435.5000
1003.0000
392.0000
818.8000
531.0000
2707.0000
1946.0000
558.7000
365.6000
176.9000
113.1000
86.5000
173.7000
225.4000
916.5000
839.8000
1083.0000
1844.0000
1040.0000
2057.0000
640.2000
290.0000
143.6000
100.7000
82.7000
120.8000
758.4000
859.6000
566.5000
530.2000
1376.0000
1818.0000
525.5000
153.4000
156.4000
94.2000
264.1000
507.9000
1218.0000
1830.0000
608.5000
2510.0000
534.2000
623.6000
231.9000
101.5000
106.0000
75.8000
169.3000
166.8000
459.4000
275.9000
895.8000
2267.0000
3182.0000
1937.0000
366.9000
132.6000
84.5000
324.3000
374.1000
849.3000
1343.0000
1045.0000
765.2000
1547.0000
413.7000
728.1000
198.5000
238.7000
152.6000
151.4000
132.1000
222.3000
275.8000
1136.0000
852.9000
1339.0000
1278.0000
1498.0000
569.1000
451.7000
309.0000
183.7000
119.2000
207.9000
1585.0000
683.4000
1654.0000
1343.0000
1048.0000
1583.0000
270.7000
121.9000
102.4000
82.2000
209.2000
209.1000
708.8000
507.5000
567.5000
2161.0000
1791.0000
667.3000
940.6000
528.2000
126.0000
114.2000
375.1000
436.6000
927.5000
684.4000
2156.0000
791.0000
526.6000
1570.0000
821.7000
293.1000
122.3000
90.7000
308.7000
137.2000
549.6000
1403.0000
564.3000
708.4000
1129.0000
1613.0000
425.8000
272.6000
232.1000
92.9000
170.7000
284.1000
198.2000
492.9000
1514.0000
1177.0000
2183.0000
2578.0000
2012.0000
474.2000
516.2000
2228.0000
815.0000
1835.0000
2288.0000
1606.0000
1895.0000
1162.0000
1161.0000
1042.0000
517.1000
633.7000
215.0000
107.6000
158.1000
239.4000
590.3000
850.6000
1120.0000
861.3000
1501.0000
1392.0000
1397.0000
252.9000
535.6000
371.1000
241.4000
567.4000
1279.0000
906.6000
1106.0000
1527.0000
1181.0000
549.6000
362.6000
166.1000
137.9000
804.9000
258.0000
242.4000
145.1000
