471.7000
337.1000
91.8000
226.9000
116.2000
79.8000
52.8000
17.5000
42.7000
78.7000
282.3000
159.0000
216.4000
114.5000
523.0000
378.6000
85.0000
34.7000
19.2000
54.2000
18.8000
53.3000
77.3000
227.8000
237.3000
347.9000
645.0000
512.4000
657.7000
96.2000
55.2000
27.4000
28.5000
18.1000
19.6000
329.1000
179.7000
181.8000
95.3000
424.2000
585.9000
312.0000
50.7000
35.6000
15.8000
81.9000
67.2000
498.4000
516.3000
282.2000
876.0000
231.0000
348.4000
71.1000
50.4000
15.8000
22.8000
61.6000
101.5000
226.2000
38.3000
234.8000
828.4000
893.6000
630.5000
98.2000
33.7000
24.6000
356.6000
287.2000
435.9000
493.5000
404.9000
209.1000
299.8000
110.8000
289.2000
166.0000
53.3000
66.3000
64.5000
345.8000
180.3000
208.3000
408.3000
294.5000
325.8000
250.8000
316.7000
96.3000
49.7000
30.1000
19.5000
79.3000
65.1000
229.1000
127.6000
331.2000
319.5000
364.0000
500.3000
149.2000
48.6000
29.3000
17.2000
54.5000
42.3000
184.8000
93.3000
77.7000
316.8000
312.9000
86.0000
238.3000
122.1000
22.4000
18.3000
27.4000
25.4000
126.0000
194.7000
653.5000
153.6000
81.5000
264.9000
100.5000
28.3000
19.8000
22.5000
26.4000
12.6000
53.0000
256.1000
141.6000
281.1000
320.7000
493.0000
153.2000
179.4000
169.7000
38.4000
132.6000
128.1000
59.0000
187.7000
613.6000
274.2000
498.1000
487.3000
479.8000
389.9000
636.1000
1267.0000
286.9000
991.3000
823.1000
521.3000
611.6000
660.7000
381.0000
555.2000
110.4000
63.5000
32.0000
19.5000
30.3000
39.3000
91.5000
204.3000
165.4000
206.7000
330.9000
281.6000
77.9000
37.0000
28.6000
23.9000
30.9000
49.2000
267.1000
142.7000
226.1000
388.5000
323.6000
141.6000
127.3000
51.2000
55.7000
430.2000
77.3000
88.2000
46.7000












































































































