231.6000
420.1000
450.3000
315.4000
112.9000
48.3000
15.3000
1.8600
2.0700
2.1200
3.8300
30.5000
49.8000
26.3000
83.6000
163.8000
115.9000
63.2000
49.0000
49.3000
23.7000
6.1600
9.1900
23.1000
156.8000
237.9000
481.1000
485.8000
829.8000
124.2000
70.6000
12.2000
27.9000
201.8000
1155.0000
417.5000
795.5000
543.7000
499.9000
880.4000
581.2000
162.3000
180.8000
560.3000
191.9000
116.2000
81.3000
79.7000
146.9000
65.6000
384.2000
383.8000
335.1000
141.1000
95.9000
77.1000
239.2000
126.8000
103.1000
479.8000
421.5000
882.0000
574.9000
828.2000
455.2000
170.0000
35.3000
11.5000
153.6000
75.1000
306.5000
265.1000
716.4000
920.0000
1265.0000
446.8000
148.4000
88.2000
35.7000
29.8000
6.2300
44.5000
7.6700
315.7000
685.5000
898.9000
328.1000
1295.0000
371.3000
199.0000
143.9000
1188.0000
181.9000
1064.0000
669.1000
273.6000
262.5000
318.6000
358.5000
363.7000
172.5000
92.3000
52.6000
54.6000
17.0000
14.8000
45.3000
352.4000
356.8000
1015.0000
516.3000
427.1000
219.7000
97.8000
95.0000
70.8000
29.6000
53.3000
135.0000
53.1000
86.1000
443.6000
439.6000
774.7000
435.6000
277.1000
115.2000
93.5000
82.5000
99.5000
341.7000
338.0000
377.9000
260.2000
385.8000
513.5000
110.3000
82.5000
154.0000
20.6000
6.3800
2.5400
15.4000
62.4000
58.6000
161.1000
372.3000
266.2000
319.6000
155.3000
102.0000
422.0000
224.8000
2265.0000
414.9000
449.3000
415.0000
696.6000
669.9000
538.1000
304.6000
153.7000
67.4000
15.7000
12.5000
28.0000
78.1000
58.4000
311.1000
143.0000
616.3000
371.6000
180.2000
94.1000
21.1000
12.8000
24.3000
154.7000
70.7000
297.5000
236.9000
459.7000
362.6000
195.6000
197.4000
180.5000
249.1000
725.6000
1054.0000
237.1000
261.2000
562.3000
543.1000
549.1000
447.6000
250.8000
638.2000
521.7000
106.4000
189.6000
72.2000
140.4000
95.0000
92.0000
366.0000
158.3000
391.2000
143.5000
298.6000
126.6000
84.2000
145.9000
43.2000
23.0000
180.6000
78.8000
186.2000
397.0000
380.6000
477.5000
529.6000
176.0000
204.0000
597.1000
163.6000
365.1000
584.8000
1042.0000
1040.0000
781.2000
434.7000
515.0000
344.1000
156.0000
120.3000
105.8000
52.2000
67.5000
74.6000
158.0000
155.5000
610.6000
531.2000
204.7000
550.1000
292.3000
242.7000
71.2000
291.0000
226.4000
438.4000
1192.0000
349.7000
1074.0000
735.8000
619.5000
334.9000
473.2000
128.9000
27.6000
12.3000
12.5000
87.8000
206.5000
567.1000
537.5000
610.8000
1461.0000
616.9000
209.4000
194.9000
76.3000
168.5000
51.2000
516.7000
479.8000
817.6000
386.9000
868.3000
474.7000
750.9000
351.4000
121.4000
43.9000
17.7000
25.9000
33.7000
123.4000
127.0000
120.2000
299.3000
352.9000
200.6000
65.0000
30.9000
31.3000
17.2000
108.9000
82.6000
221.6000
137.7000
252.0000
533.7000
270.1000
137.2000
212.0000
25.5000
926.6000
250.0000
176.8000
93.2000
74.4000
124.4000
543.1000
564.2000
375.0000
123.2000
80.2000
1207.0000
210.5000
127.3000
245.1000
418.4000
298.4000
274.4000
541.1000
508.5000
464.0000
158.8000
133.9000
25.2000
8.7300
76.9000
129.6000
108.2000
553.3000
742.1000
433.8000
1006.0000
699.0000
465.1000
177.5000
411.2000
161.5000
48.0000
42.4000
51.5000
53.1000
97.5000
112.9000
227.5000
360.4000
168.8000
344.7000
66.8000
25.8000
13.7000
29.1000
75.5000
114.9000
169.5000
523.8000
486.3000
695.0000
519.4000
374.6000
197.7000
149.5000
104.4000
42.9000
62.7000
59.8000
204.4000
1025.0000
753.2000
902.1000
492.2000
282.3000
169.4000
21.8000
28.0000
40.8000
67.9000
157.7000
210.0000
230.0000
700.0000
210.0000
180.0000
270.0000
113.4000
20.9000
12.8000
30.5000
136.3000
117.6000
276.7000
174.6000
914.8000
197.1000
87.2000
266.8000
24.8000
17.4000
14.6000
24.7000
149.7000
184.0000
788.5000
572.1000
757.2000
577.8000
398.0000
68.1000
126.6000
20.3000
25.9000
66.7000
66.1000
206.7000
498.3000
734.3000
984.9000
441.9000
143.5000
55.0000
36.0000
36.2000
10.6000
25.1000
9.4600
14.8000
25.8000
356.5000
297.3000
278.1000
268.2000
55.8000
9.6100
2.7700
184.8000
221.1000
133.5000
229.6000
370.4000
329.4000
852.5000
162.3000
221.0000
77.2000
71.4000
601.2000
118.0000
126.6000
92.6000
540.5000
744.8000
262.9000
717.3000
226.3000
231.9000
322.0000
114.1000
127.5000
31.8000
45.4000
263.2000
180.9000
228.7000
268.7000
311.4000
187.7000
85.5000
49.8000
44.6000
89.2000
41.3000
26.8000
53.1000
191.3000
335.1000
747.6000
336.4000
778.6000
246.0000
101.9000
233.4000
77.0000
15.0000
29.6000
570.3000
425.6000
446.3000
962.1000
479.1000
414.5000
555.7000
435.3000
70.8000
98.8000
208.7000
398.6000
261.7000
471.9000
215.9000
909.1000
713.4000
654.4000
585.9000
2887.0000
581.7000
273.2000
66.5000
89.9000
603.7000
1091.0000
626.7000
799.3000
492.8000
1011.0000
547.3000
268.8000
204.7000
275.7000
147.9000
144.4000
102.6000
681.4000
710.1000
337.7000
283.4000
503.9000
278.3000
398.4000
85.5000
74.9000
141.3000
48.3000
62.1000
907.6000
402.3000
483.8000
844.2000
394.8000
372.1000
193.3000
339.4000
121.4000
1005.0000
509.8000
266.8000
308.5000
985.3000
393.0000
315.5000
467.5000
146.3000
161.3000
129.9000
54.1000
84.7000
1715.0000
287.9000
280.0000
83.0000
149.2000
416.0000
485.1000
115.0000
48.2000
24.2000
15.7000
16.2000
53.0000
484.1000
801.4000
1200.0000
385.7000
935.8000
360.8000
802.5000
196.2000
137.9000
169.4000
36.1000
12.4000
37.9000
200.6000
984.1000
1134.0000
894.3000
480.7000
348.5000
791.4000
149.0000
401.8000
825.1000
1472.0000
454.7000
330.1000
543.7000
235.8000
652.3000
655.5000
698.6000
217.5000
89.1000
36.8000
17.7000
30.8000
60.5000
43.0000
29.8000
375.0000
131.2000
140.9000
159.2000
147.6000
85.4000
76.3000
60.3000
57.1000
45.5000
82.6000
134.7000
971.6000
527.4000
328.3000
272.2000
851.1000
138.1000
91.9000
43.7000
51.2000
146.0000
190.5000
162.9000
574.8000
869.7000
1766.0000
667.5000
476.9000
117.2000
36.8000
17.1000
155.0000
423.0000
952.0000
377.9000
1490.0000
1243.0000
1518.0000
663.2000
144.9000
65.8000
422.5000
66.2000
78.9000
161.9000
187.5000
173.0000
897.6000
208.6000
141.3000
87.0000
57.4000
15.4000
5.9200
1.3800
58.4000
535.5000
392.0000
183.8000
727.1000
566.1000
446.6000
146.7000
38.7000
19.1000
10.6000
3.5000
5.1600
62.0000
297.5000
310.9000
409.8000
536.6000
1164.0000
357.6000
138.6000
60.1000
4.3700
108.3000
76.2000
267.9000
319.8000
331.0000
373.1000
279.0000
378.7000
1112.0000
204.3000
167.5000
33.1000
18.6000
15.4000
67.2000
46.3000
130.0000
140.0000
417.8000
303.0000
1322.0000
340.8000
306.5000
71.8000
35.7000
129.4000
89.7000
63.4000
304.3000
384.8000
302.5000
537.5000
419.3000
176.4000
251.8000
297.5000
101.3000
570.9000
280.2000
488.8000
996.7000
303.4000
726.2000
390.4000
138.7000
56.6000
22.2000
3.8000
2.7800
5.0300
11.8000
54.4000
125.1000
138.9000
409.3000
425.0000
300.4000
279.4000
210.3000
162.7000
175.8000
192.0000
597.6000
1316.0000
654.4000
379.1000
1892.0000
1274.0000
364.5000
170.2000
50.0000
20.5000
14.5000
17.2000
286.1000
524.7000
587.5000
944.4000
1549.0000
626.3000
305.2000
92.9000
88.8000
226.7000
56.9000
45.5000
77.6000
149.0000
472.7000
215.0000
397.7000
179.7000
230.7000
328.6000
221.7000
145.5000
23.7000
142.8000
421.8000
375.0000
1499.0000
643.7000
682.1000
616.6000
587.3000
609.3000
231.6000
563.3000
1047.0000
668.8000
548.7000
1301.0000
385.4000
462.1000
940.7000
326.8000
144.0000
131.1000
37.0000
13.4000
37.4000
21.3000
474.2000
148.3000
1379.0000
1621.0000
1484.0000
636.2000
609.8000
391.1000
89.8000
23.5000
6.4700
10.7000
19.1000
16.2000
385.4000
462.1000
940.7000
326.8000
144.0000
131.1000
37.0000
13.4000
37.4000
21.3000
474.2000
148.3000
1379.0000
1621.0000
1484.0000
636.2000
609.8000
391.1000
89.8000
23.5000
6.4700
10.7000
19.1000
16.2000
236.7000
113.3000
382.3000
264.3000
114.1000
24.8000
6.4600
3.5300
268.7000
302.8000
145.3000
323.8000
151.9000
401.1000
483.8000
517.2000
161.0000
139.2000
55.3000
158.7000
136.5000
73.8000
74.4000
187.6000
170.5000
254.1000
658.9000
583.0000
283.0000
206.6000
100.0000
59.9000
129.4000
34.4000
38.0000
49.3000
41.1000
39.2000
143.1000
186.7000
219.0000
134.3000
43.0000
8.4000
21.4000
124.3000
435.5000
534.0000
650.5000
588.8000
1405.0000
747.5000
1324.0000
1459.0000
458.7000
309.3000
1715.0000
445.2000
774.5000
1302.0000
311.9000
816.8000
358.8000
844.8000
500.4000
387.1000
140.8000
56.9000
407.1000
187.1000
325.8000
519.0000
679.7000
315.9000
642.8000
830.7000
477.7000
259.4000
484.1000
82.1000
32.3000
209.2000
246.0000
390.1000
483.7000
463.6000
187.5000
207.9000
146.5000
390.8000
161.7000
18.3000
89.7000
159.1000
715.8000
313.2000
443.6000
516.4000
777.8000
499.1000
168.2000
64.5000
19.1000
9.7200
4.0400
12.9000
18.9000
55.5000
36.9000
204.9000
179.9000
430.2000
1291.0000
193.8000
59.1000
13.0000
85.1000
46.2000
56.8000
250.2000
236.0000
134.1000
148.5000
439.9000
682.7000
796.0000
121.2000
65.5000
23.0000
69.9000
174.5000
782.3000
734.3000
583.9000
1494.0000
362.6000
346.2000
89.5000
14.4000
32.7000
17.4000
107.0000
104.3000
201.5000
66.5000
207.7000
935.5000
1138.0000
584.4000
177.5000
53.4000
16.0000
95.8000
307.1000
286.9000
580.7000
377.6000
209.3000
341.5000
144.4000
259.1000
153.5000
49.0000
30.3000
113.9000
753.7000
380.4000
274.1000
750.6000
625.8000
776.3000
324.9000
397.2000
535.6000
135.7000
44.2000
28.3000
226.6000
147.8000
538.3000
446.4000
680.2000
539.8000
738.2000
1118.0000
613.1000
128.9000
69.5000
56.4000
132.0000
142.9000
359.2000
451.7000
214.6000
722.1000
437.4000
196.6000
191.1000
166.3000
54.3000
190.1000
272.0000
195.3000
500.1000
593.2000
1535.0000
447.5000
242.0000
826.6000
241.1000
110.4000
63.8000
44.9000
66.7000
35.5000
114.8000
323.1000
156.4000
216.3000
384.1000
1029.0000
215.4000
307.7000
188.3000
103.4000
95.8000
149.4000
71.0000
143.6000
410.6000
246.7000
511.8000
1119.0000
1242.0000
446.5000
640.5000
891.9000
487.0000
1497.0000
1368.0000
959.3000
976.5000
1203.0000
661.8000
676.0000
195.6000
103.9000
51.3000
25.9000
42.2000
111.5000
143.8000
319.9000
401.9000
251.5000
433.6000
473.4000
159.0000
41.3000
125.9000
64.0000
87.0000
152.1000
713.3000
390.8000
488.2000
478.5000
340.7000
136.0000
141.5000
43.8000
35.5000
273.2000
158.6000
137.8000
73.7000
