199.7000
116.9000
197.6000
93.9000
59.3000
24.0000
12.8000
12.6000
502.6000
204.1000
126.7000
208.9000
92.5000
129.3000
155.5000
202.5000
103.4000
70.5000
60.9000
43.4000
163.3000
57.4000
36.4000
80.7000
74.7000
64.6000
193.3000
149.2000
110.0000
119.0000
34.1000
161.2000
42.5000
26.4000
26.1000
49.9000
41.6000
41.5000
104.0000
144.4000
100.3000
34.9000
19.8000
5.0100
7.6700
47.2000
166.7000
163.5000
215.8000
334.0000
437.7000
336.0000
361.5000
349.3000
146.8000
151.3000
771.0000
160.9000
317.1000
431.6000
155.2000
239.7000
130.2000
246.2000
194.1000
139.4000
102.0000
43.9000
493.7000
131.4000
177.9000
298.5000
224.8000
116.2000
185.1000
258.9000
114.9000
67.6000
127.8000
58.4000
35.4000
322.3000
313.2000
260.4000
215.5000
150.2000
78.8000
116.6000
96.4000
116.6000
77.5000
16.2000
99.9000
158.4000
369.5000
153.6000
182.3000
126.7000
263.2000
194.1000
82.5000
46.8000
17.2000
43.2000
17.8000
29.8000
26.9000
46.6000
54.5000
122.2000
180.0000
191.7000
321.5000
117.8000
50.1000
31.4000
39.7000
40.7000
60.4000
137.1000
100.8000
52.2000
67.2000
220.7000
251.4000
245.7000
53.5000
36.7000
22.3000
27.2000
231.1000
410.2000
405.6000
215.8000
479.3000
163.1000
84.5000
71.5000
27.5000
13.7000
20.6000
63.6000
75.8000
166.3000
48.3000
76.2000
472.6000
586.3000
443.6000
110.2000
41.0000
23.5000
71.8000
183.6000
132.5000
275.8000
172.2000
123.2000
163.3000
106.3000
151.9000
86.2000
31.0000
30.0000
32.1000
79.2000
94.8000
62.7000
187.6000
182.2000
308.8000
171.8000
463.7000
233.1000
164.2000
72.9000
39.6000
120.7000
86.3000
273.6000
264.7000
295.4000
237.1000
334.3000
535.5000
187.6000
110.0000
67.8000
34.6000
84.7000
90.4000
165.8000
118.1000
95.2000
238.8000
318.1000
126.6000
82.7000
73.6000
27.1000
111.2000
245.6000
246.8000
247.9000
251.8000
508.5000
192.9000
105.9000
304.0000
101.7000
40.3000
34.3000
24.1000
48.2000
21.2000
33.6000
92.9000
44.5000
51.5000
141.3000
493.7000
113.6000
70.9000
27.8000
18.9000
41.1000
74.4000
34.0000
88.8000
188.2000
108.5000
166.2000
638.4000
946.5000
161.0000
605.7000
607.2000
284.6000
544.1000
554.6000
380.0000
340.1000
385.4000
361.9000
214.9000
114.0000
79.9000
35.4000
16.7000
64.6000
115.9000
102.3000
203.4000
213.1000
90.3000
248.1000
274.5000
154.0000
67.1000
353.1000
227.6000
226.5000
378.1000
466.4000
226.0000
243.7000
244.0000
221.4000
88.3000
122.9000
40.4000
92.0000
157.5000
167.4000
155.4000
59.1000
