13.5000
11.7000
21.3000
28.9000
11.8000
32.5000
8.5800
5.5900
12.6000
24.1000
15.6000
28.0000
23.4000
54.7000
46.3000
59.0000
55.3000
31.0000
9.4300
7.8800
10.1000
6.0400
5.3500
5.3700
13.3000
64.4000
45.6000
67.9000
50.3000
21.5000
11.4000
7.1300
4.5800
3.1600
6.0600
13.4000
19.6000
23.8000
79.8000
52.5000
29.3000
58.0000
20.0000
7.8600
4.0200
4.4600
22.3000
16.4000
31.6000
22.0000
78.7000
23.1000
10.8000
13.1000
2.9300
0.7550
0.8070
1.0300
7.5600
7.4000
52.4000
31.3000
36.0000
48.1000
37.2000
6.8300
8.1600
4.1700
4.0700
8.2100
11.5000
17.9000
34.2000
62.8000
69.5000
31.9000
19.2000
6.3700
3.6800
1.4100
1.2900
3.3700
2.3600
1.8200
1.4500
31.8000
19.5000
22.5000
31.1000
6.9200
1.2300
0.4160
25.5000
19.0000
20.5000
25.9000
30.2000
28.4000
66.0000
21.0000
21.3000
6.0000
3.4900
31.7000
7.9000
12.1000
10.8000
58.0000
71.5000
27.8000
43.9000
16.5000
18.6000
9.4800
5.9700
11.2000
8.3300
4.9300
19.5000
16.6000
15.6000
18.1000
24.8000
16.8000
8.3100
10.3000
21.8000
19.2000
17.5000
15.8000
14.9000
33.8000
30.3000
69.2000
28.6000
41.9000
17.5000
11.7000
10.8000
5.4800
1.9000
6.2600
47.0000
29.3000
35.3000
58.0000
31.7000
24.0000
34.4000
45.4000
11.0000
16.7000
7.4000
21.3000
24.4000
24.7000
15.5000
55.7000
39.1000
41.6000
51.7000
91.8000
39.9000
17.6000
8.5200
28.5000
69.4000
78.0000
52.2000
70.5000
44.6000
63.0000
53.5000
28.3000
11.4000
23.8000
8.8400
12.8000
9.8500
46.8000
42.0000
24.6000
20.6000
29.3000
26.7000
21.3000
5.2000
7.8000
11.9000
6.1000
6.2000
54.2000
25.9000
35.5000
93.9000
28.0000
34.2000
18.2000
25.0000
10.3000
64.4000
41.1000
27.7000
27.2000
57.6000
30.2000
22.7000
32.4000
13.8000
14.7000
12.6000
7.1100
7.7200
118.2000
26.6000
30.3000
15.2000
14.9000
31.0000
30.1000
9.6800
3.7100
20.2000
3.1900
5.1600
7.5200
40.4000
47.7000
115.9000
37.8000
74.2000
27.9000
64.1000
15.1000
11.0000
9.5300
4.1100
4.2000
8.7900
15.7000
76.4000
94.0000
65.1000
46.5000
28.7000
31.5000
10.6000
64.3000
102.2000
119.5000
46.0000
34.3000
50.7000
28.0000
66.6000
80.0000
53.1000
19.4000
9.3300
4.9800
2.6000
3.6000
8.4900
6.4900
5.7200
33.8000
12.5000
9.3100
14.9000
9.0800
4.3500
1.4500
2.4500
5.8600
4.5600
7.0300
11.3000
51.2000
36.5000
22.4000
14.5000
58.0000
11.5000
8.7800
4.4900
5.5100
7.9500
16.2000
14.2000
45.3000
63.8000
149.5000
46.6000
20.5000
7.7700
2.8200
1.2900
10.8000
27.8000
55.6000
29.2000
108.5000
87.0000
100.0000
48.8000
15.1000
9.6900
32.2000
7.2600
8.8700
14.6000
20.1000
18.2000
48.4000
17.2000
13.5000
9.2200
7.8000
5.4700
1.6900
0.6340
11.8000
105.9000
27.8000
15.7000
34.5000
36.9000
35.3000
15.1000
3.6100
3.1600
3.1100
2.0700
1.9400
6.3900
26.2000
24.0000
31.4000
38.7000
75.7000
35.8000
19.6000
6.2000
2.3700
29.9000
9.1400
25.0000
30.0000
29.5000
29.2000
23.6000
20.1000
85.9000
14.9000
5.9100
2.3800
1.9800
1.8300
7.4700
5.5600
8.9200
7.9200
23.4000
18.8000
63.6000
20.5000
21.8000
9.4600
7.4000
21.3000
15.5000
11.6000
26.8000
31.8000
23.2000
35.5000
42.1000
18.7000
16.3000
9.5800
6.0300
65.4000
23.4000
35.7000
70.3000
25.5000
55.4000
28.9000
14.9000
13.8000
5.7800
1.6900
0.6750
0.9190
2.9800
10.4000
15.3000
15.0000
34.1000
41.3000
26.9000
24.8000
13.4000
12.0000
17.9000
13.8000
94.2000
79.9000
55.3000
34.5000
144.3000
85.9000
39.8000
16.3000
9.6900
3.1100
2.3300
3.5200
34.2000
34.0000
46.3000
55.0000
100.0000
54.3000
22.7000
19.2000
30.7000
73.8000
15.8000
9.6600
10.8000
14.2000
