88.5000
75.5000
207.4000
261.6000
237.3000
126.4000
48.2000
13.1000
14.9000
130.5000
365.0000
387.7000
476.1000
622.2000
1146.0000
767.9000
736.3000
839.3000
469.8000
302.8000
1110.0000
424.9000
575.2000
1016.0000
394.6000
609.1000
377.3000
667.0000
465.8000
285.8000
180.3000
105.1000
869.8000
323.9000
419.1000
587.3000
556.6000
323.9000
548.4000
771.2000
302.5000
157.7000
280.7000
104.0000
47.6000
311.0000
396.1000
531.2000
485.7000
420.3000
217.8000
344.3000
223.2000
346.7000
238.0000
32.3000
157.7000
279.1000
845.6000
356.0000
444.5000
375.4000
702.1000
481.7000
216.1000
120.1000
40.4000
32.0000
11.6000
40.6000
46.7000
94.8000
86.5000
219.3000
275.4000
426.9000
740.0000
195.9000
108.2000
62.5000
74.9000
74.3000
120.2000
279.8000
238.7000
143.9000
150.9000
437.8000
505.3000
485.7000
111.1000
64.8000
42.2000
68.5000
318.6000
898.3000
905.8000
616.0000
1428.0000
481.7000
314.2000
173.1000
47.9000
52.7000
56.9000
183.0000
192.4000
379.1000
129.8000
219.1000
948.3000
1205.0000
790.1000
205.5000
64.7000
24.4000
147.6000
465.1000
271.0000
615.1000
400.3000
268.8000
354.0000
185.3000
215.1000
95.3000
43.3000
46.7000
51.2000
245.9000
207.7000
170.9000
417.3000
429.7000
761.1000
379.1000
627.9000
415.2000
490.1000
136.4000
47.4000
409.2000
210.9000
665.7000
634.2000
743.0000
639.5000
853.9000
1312.0000
461.6000
219.5000
114.2000
59.6000
170.3000
173.6000
390.6000
357.8000
263.7000
558.4000
743.8000
377.7000
216.8000
401.2000
73.6000
240.9000
515.7000
509.4000
546.8000
598.9000
1270.0000
478.3000
251.0000
696.8000
246.2000
199.4000
184.3000
98.5000
183.2000
75.6000
170.9000
408.5000
194.6000
186.0000
409.7000
1398.0000
326.0000
123.6000
57.5000
38.5000
90.3000
127.4000
69.5000




































































































































































































































































































































































































































