147.0000
341.8000
227.8000
124.3000
90.7000
63.6000
82.2000
247.7000
59.2000
39.6000
50.3000
45.6000
86.9000
185.7000
123.1000
215.4000
97.8000
127.3000
65.1000
647.4000
159.2000
56.3000
99.2000
193.5000
178.3000
91.9000
96.9000
173.3000
53.1000
45.0000
134.0000
22.9000
10.7000
8.6900
15.3000
82.3000
73.9000
120.3000
139.4000
73.6000
479.8000
248.5000
53.0000
320.4000
120.1000
550.0000
134.7000
236.3000
224.9000
258.8000
214.1000
212.3000
256.7000
133.9000
61.5000
17.9000
14.4000
17.8000
25.9000
34.6000
70.0000
101.0000
259.7000
169.8000
208.9000
45.3000
27.5000
26.6000
299.8000
130.8000
74.4000
130.5000
171.9000
136.9000
144.2000
134.7000
131.7000
63.8000
53.3000
35.3000
344.6000
109.7000
100.0000
213.5000
298.8000
227.3000
204.5000
126.3000
187.0000
125.4000
61.9000
34.1000
20.6000
31.3000
34.9000
52.1000
203.0000
95.9000
192.9000
200.7000
97.8000
150.0000
193.1000
98.6000
56.2000
121.7000
246.1000
114.7000
120.8000
235.7000
311.1000
407.5000
260.4000
103.2000
48.1000
240.9000
84.2000
144.3000
252.6000
460.8000
388.0000
240.1000
241.7000
259.4000
228.0000
359.5000
252.3000
111.8000
94.4000
79.7000
128.0000
118.6000
110.2000
223.9000
169.8000
122.6000
149.1000
125.1000
62.4000
38.5000
212.8000
66.9000
71.4000
410.1000
121.8000
321.8000
255.8000
366.6000
133.6000
357.6000
109.9000
53.5000
25.7000
18.3000
57.3000
234.1000
242.4000
274.9000
434.8000
306.7000
245.4000
86.1000
108.8000
109.5000
131.5000
44.4000
165.5000
198.1000
287.6000
326.3000
423.6000
247.9000
174.4000
79.9000
32.6000
23.4000
16.4000
14.3000
25.1000
134.1000
88.7000
147.7000
241.6000
119.6000
118.4000
71.0000
41.4000
14.0000
6.8700
45.4000
176.3000
227.1000
137.2000
219.9000
339.4000
275.4000
119.5000
180.8000
44.5000
349.9000
80.9000
39.3000
38.7000
30.1000
27.6000
125.9000
128.0000
143.0000
62.7000
30.8000
53.5000
19.3000
46.2000
97.0000
168.6000
107.1000
128.3000
306.0000
221.6000
414.2000
176.8000
148.4000
48.7000
19.2000
63.6000
45.2000
151.1000
228.2000
237.4000
196.5000
238.3000
407.6000
272.4000
83.5000
73.7000
69.5000
40.8000
29.2000
29.9000
90.1000
134.3000
89.0000
146.4000
248.6000
86.6000
199.0000
71.2000
54.5000
104.5000
377.5000
150.5000
214.6000
190.5000
294.4000
274.5000
350.2000
296.4000
161.8000
75.4000
46.7000
94.1000
44.4000
37.5000
34.5000
53.7000
268.0000
204.7000
308.1000
182.9000
98.5000
69.8000
41.1000
57.4000
179.8000
135.4000
225.5000
226.7000
166.5000
436.7000
368.8000
130.5000
106.7000
65.8000
34.6000
22.6000
23.7000
88.1000
59.6000
131.0000
69.7000
350.9000
102.4000
67.2000
37.6000
21.2000
10.1000
10.0000
9.2800
68.7000
54.5000
263.7000
217.7000
262.1000
201.5000
132.3000
41.3000
24.6000
8.2600
8.5300
27.8000
72.4000
161.7000
167.7000
372.7000
262.4000
172.7000
109.1000
54.2000
29.4000
22.2000
17.8000
65.4000
29.4000
24.5000
33.6000
263.7000
190.8000
63.1000
150.6000
52.4000
15.1000
7.0700
66.2000
138.5000
116.8000
108.6000
155.9000
120.3000
350.4000
89.0000
111.1000
55.1000
40.5000
108.9000
50.7000
99.0000
66.5000
229.1000
155.0000
145.6000
189.5000
103.2000
134.8000
94.8000
46.1000
27.6000
15.0000
60.5000
131.6000
72.5000
82.5000
88.4000
187.1000
135.3000
193.6000
151.2000
113.9000
1541.0000
129.7000
125.4000
96.2000
212.4000
186.2000
292.1000
156.1000
234.0000
145.6000
39.6000
51.0000
32.3000
12.5000
118.7000
386.8000
139.8000
172.3000
340.9000
189.0000
202.6000
271.0000
184.4000
53.4000
34.5000
69.7000
285.7000
134.1000
171.5000
118.7000
298.9000
218.5000
176.8000
225.6000
675.6000
382.5000
171.9000
60.9000
376.9000
400.4000
405.6000
288.5000
433.3000
457.2000
406.5000
280.5000
169.0000
71.1000
51.3000
30.0000
68.1000
73.9000
410.8000
331.5000
191.2000
177.3000
245.2000
226.4000
104.9000
55.9000
165.1000
152.5000
47.4000
46.5000
197.8000
188.2000
237.6000
514.2000
179.8000
234.5000
162.3000
266.8000
167.5000
260.5000
203.6000
142.3000
135.7000
310.9000
202.2000
147.2000
156.6000
131.4000
241.0000
87.3000
32.8000
24.3000
271.5000
119.1000
172.6000
72.2000
70.4000
268.2000
197.4000
62.8000
47.9000
20.9000
13.0000
11.3000
24.9000
250.5000
254.6000
392.0000
164.0000
350.7000
228.7000
401.4000
91.1000
54.8000
90.7000
46.3000
23.6000
35.7000
86.7000
367.9000
291.0000
497.5000
266.1000
193.5000
324.0000
66.6000
44.9000
556.4000
387.0000
291.5000
148.4000
255.1000
128.7000
390.1000
525.0000
154.1000
67.5000
44.2000
19.8000
10.7000
13.7000
30.9000
23.7000
14.7000
147.9000
64.0000
86.4000
69.5000
88.9000
136.0000
39.7000
136.8000
68.5000
62.2000
87.5000
140.8000
309.8000
219.7000
172.1000
122.7000
278.7000
83.6000
46.5000
24.5000
37.5000
69.5000
195.8000
86.1000
261.2000
376.8000
636.2000
194.3000
79.8000
38.9000
18.7000
9.9500
96.9000
170.7000
342.2000
139.2000
378.4000
344.1000
437.6000
313.7000
79.4000
62.4000
199.8000
41.9000
47.8000
74.4000
102.6000
113.7000
181.6000
138.6000
106.4000
191.7000
94.6000
85.7000
267.2000
73.6000
65.5000
764.8000
227.8000
94.5000
143.6000
170.1000
103.3000
80.7000
34.5000
24.2000
28.8000
37.0000
20.3000
72.0000
259.5000
145.4000
167.6000
358.5000
691.8000
190.4000
58.6000
28.9000
9.3800
182.0000
40.5000
100.4000
175.7000
133.0000
132.6000
123.6000
132.6000
187.4000
67.2000
24.6000
21.8000
27.1000
18.4000
87.3000
63.1000
92.1000
106.1000
216.1000
167.2000
491.6000
163.5000
219.6000
139.8000
284.1000
281.2000
151.4000
101.0000
239.5000
253.9000
216.6000
219.7000
343.4000
149.0000
67.0000
40.6000
23.6000
394.5000
136.2000
295.6000
346.4000
112.6000
336.7000
206.8000
109.4000
61.3000
61.0000
69.9000
25.3000
20.0000
37.1000
116.8000
241.4000
189.3000
248.5000
389.4000
186.8000
289.5000
65.6000
36.5000
67.7000
65.8000
532.9000
251.9000
323.9000
181.4000
568.0000
520.7000
225.0000
83.0000
36.7000
18.2000
16.8000
20.4000
86.8000
183.8000
242.7000
359.4000
496.6000
243.8000
114.3000
56.4000
57.9000
115.5000
31.5000
29.0000
45.7000
96.4000
383.9000
118.9000
144.0000
76.8000
117.9000
444.3000
277.4000
40.8000
26.8000
179.1000
278.5000
166.2000
555.4000
291.7000
195.5000
202.7000
213.2000
219.5000
61.5000
67.4000
544.4000
144.0000
156.4000
499.3000
208.9000
254.9000
319.7000
156.9000
96.5000
97.1000
50.1000
26.1000
44.6000
23.1000
142.3000
81.2000
568.3000
773.2000
490.2000
396.8000
330.3000
106.3000
49.0000
35.9000
12.8000
23.1000
25.3000
28.1000
161.2000
146.8000
129.6000
85.1000
60.9000
22.3000
14.2000
6.7900
421.6000
214.8000
226.3000
256.6000
115.1000
146.2000
181.1000
177.2000
103.7000
69.1000
39.9000
29.9000
194.3000
43.9000
37.6000
73.7000
66.2000
69.6000
172.6000
174.0000
82.0000
131.0000
47.7000
29.5000
15.5000
15.1000
19.0000
41.9000
30.4000
34.1000
110.3000
143.7000
103.3000
19.1000
8.4800
1.5600
6.4500
32.1000
133.9000
130.8000
154.7000
305.3000
363.9000
328.7000
266.0000
364.5000
140.7000
295.5000
549.5000
173.7000
496.6000
414.6000
139.6000
234.0000
127.3000
234.3000
180.3000
196.3000
96.2000
49.6000
263.0000
108.1000
186.4000
311.9000
195.0000
101.5000
219.8000
257.3000
115.2000
77.1000
136.4000
42.6000
19.1000
199.4000
352.7000
300.2000
325.6000
202.1000
84.1000
76.9000
55.0000
139.6000
84.0000
23.0000
92.8000
295.3000
415.5000
201.8000
298.4000
140.2000
296.1000
248.3000
106.6000
57.7000
23.3000
7.3000
4.8500
24.0000
19.6000
49.9000
54.8000
121.5000
228.5000
196.6000
196.2000
34.7000
24.0000
14.7000
21.4000
29.2000
60.6000
158.8000
111.9000
68.1000
106.9000
262.0000
246.4000
132.6000
45.1000
20.8000
15.4000
23.3000
251.0000
528.9000
491.1000
206.6000
437.1000
192.2000
93.0000
48.6000
21.7000
24.9000
49.9000
81.0000
99.4000
222.4000
55.9000
81.0000
415.3000
443.4000
204.8000
86.9000
35.3000
111.3000
145.9000
116.7000
137.9000
363.1000
225.6000
155.2000
221.1000
123.0000
145.8000
72.2000
29.8000
24.4000
39.6000
34.2000
41.7000
49.5000
211.8000
184.5000
312.0000
214.2000
439.5000
375.2000
336.8000
100.2000
50.2000
48.8000
88.5000
303.4000
329.2000
288.2000
237.7000
359.8000
422.1000
89.8000
40.7000
33.4000
18.6000
71.6000
80.2000
129.1000
101.4000
90.5000
278.4000
313.4000
122.5000
62.4000
60.0000
38.0000
121.0000
312.2000
259.5000
313.2000
248.0000
436.9000
178.4000
113.3000
251.6000
274.9000
76.2000
79.0000
26.6000
45.8000
30.0000
68.1000
125.1000
63.4000
55.8000
175.7000
517.7000
124.7000
36.4000
15.5000
18.0000
29.5000
36.7000
25.9000
76.7000
299.1000
86.9000
273.9000
357.3000
266.2000
95.9000
279.0000
803.8000
317.8000
552.4000
654.0000
400.2000
433.8000
372.5000
401.6000
168.1000
133.7000
77.9000
33.1000
17.6000
75.2000
125.2000
142.9000
241.6000
268.6000
123.4000
384.2000
328.3000
190.8000
62.3000
89.4000
95.6000
145.5000
342.7000
410.4000
218.5000
268.5000
273.4000
235.0000
88.4000
51.5000
27.5000
57.2000
208.6000
99.1000
120.8000
53.5000
