36.2000
68.2000
86.1000
92.7000
76.8000
96.0000
29.4000
37.1000
91.6000
43.9000
120.4000
98.3000
50.0000
69.5000
42.8000
63.3000
50.9000
45.2000
63.2000
17.8000
55.0000
35.1000
51.2000
82.8000
67.0000
40.8000
71.5000
78.4000
40.2000
23.2000
24.1000
12.6000
5.9000
46.6000
75.7000
69.6000
69.9000
53.3000
31.1000
39.0000
24.8000
44.3000
29.8000
10.2000
15.3000
50.7000
77.9000
44.7000
62.9000
41.6000
75.7000
59.9000
38.8000
26.4000
14.4000
4.7900
3.3200
7.1900
6.8500
12.3000
12.6000
23.3000
34.2000
40.7000
34.0000
8.8500
7.4400
3.4000
3.5600
4.6300
12.7000
25.4000
23.5000
15.1000
27.9000
47.5000
53.2000
30.9000
12.5000
6.7800
4.6800
6.3100
32.0000
78.9000
104.3000
51.7000
100.4000
55.7000
27.9000
13.7000
6.9400
5.6900
7.9500
14.6000
21.8000
39.1000
13.1000
17.9000
103.0000
105.4000
55.7000
17.9000
7.9300
5.4800
14.6000
13.5000
23.6000
71.8000
46.2000
36.7000
79.2000
42.3000
54.6000
27.7000
14.9000
9.5500
10.4000
10.5000
11.4000
14.3000
57.0000
50.4000
66.3000
56.9000
82.4000
97.7000
95.4000
32.8000
17.2000
20.0000
25.0000
76.7000
76.6000
81.9000
72.3000
96.8000
79.8000
28.9000
19.0000
11.3000
8.0200
20.8000
21.5000
34.8000
29.3000
29.7000
75.5000
80.2000
32.6000
21.4000
11.8000
7.5200
17.8000
35.2000
46.1000
61.9000
48.6000
103.1000
49.3000
33.0000
60.1000
40.3000
19.7000
12.6000
7.9600
13.1000
8.6400
21.0000
28.7000
17.1000
14.9000
43.9000
94.4000
26.9000
10.8000
7.4600
6.0700
8.5500
10.4000
7.6000
24.1000
67.9000
26.6000
65.6000
67.6000
35.0000
11.5000
18.3000
116.9000
78.7000
117.7000
152.2000
112.8000
139.4000
105.9000
110.7000
42.6000
27.9000
21.1000
8.6300
4.5500
15.9000
25.3000
29.8000
66.8000
74.9000
32.4000
75.2000
84.6000
44.0000
17.4000
22.4000
17.1000
30.5000
79.7000
91.2000
57.1000
73.4000
72.1000
50.9000
26.7000
19.1000
9.1400
10.5000
38.1000
15.6000
26.1000
12.9000
