180.8000
67.1000
221.2000
122.9000
46.3000
21.1000
19.9000
8.5200
38.7000
24.3000
166.3000
71.5000
156.5000
289.3000
240.7000
262.4000
96.7000
85.7000
20.6000
24.9000
9.9600
28.1000
149.8000
206.8000
168.3000
207.3000
123.7000
109.8000
106.7000
67.2000
110.7000
135.5000
107.3000
37.8000
125.5000
56.7000
65.6000
98.7000
138.4000
71.4000
245.0000
50.5000
139.8000
24.0000
91.6000
44.0000
47.8000
130.6000
92.5000
127.0000
154.4000
134.4000
56.4000
37.8000
40.1000
16.7000
17.3000
11.5000
45.8000
127.7000
292.2000
180.6000
346.0000
376.7000
84.7000
31.3000
17.3000
27.9000
41.0000
16.7000
130.9000
60.7000
255.6000
250.3000
216.0000
172.8000
80.7000
63.5000
10.6000
4.5500
11.5000
6.0300
13.1000
55.7000
154.5000
83.2000
108.5000
87.4000
143.9000
46.9000
9.4400
2.8800
0.1800
0.1160
3.9700
16.5000
17.6000
68.2000
154.9000
94.4000
31.7000
36.4000
35.8000
287.8000
105.5000
184.1000
73.6000
59.0000
81.9000
214.7000
139.5000
176.2000
59.1000
82.1000
83.5000
40.6000
33.5000
216.8000
206.2000
164.9000
150.2000
405.9000
236.4000
118.5000
45.2000
136.0000
13.0000
13.4000
53.1000
57.3000
169.5000
426.2000
239.8000
260.6000
298.0000
330.1000
351.4000
116.0000
61.6000
63.3000
14.4000
25.5000
29.0000
125.3000
130.2000
120.5000
106.2000
240.0000
47.8000
22.9000
210.1000
27.8000
17.4000
74.4000
388.6000
190.8000
159.0000
396.1000
269.0000
217.3000
141.0000
27.7000
17.4000
77.0000
123.6000
54.1000
39.0000
77.0000
95.4000
322.7000
232.0000
173.2000
149.1000
104.8000
37.0000
13.2000
17.5000
70.5000
34.6000
197.9000
391.6000
292.9000
350.5000
350.3000
91.7000
62.6000
90.5000
31.7000
18.9000
13.9000
97.7000
98.0000
119.9000
199.6000
318.6000
57.0000
38.4000
46.7000
14.6000
0.9740
3.1800
0.9810
20.9000
63.3000
159.3000
178.9000
142.5000
102.2000
32.9000
17.0000
71.5000
40.8000
143.7000
113.9000
59.8000
118.6000
114.2000
191.8000
261.4000
158.3000
54.5000
32.5000
11.4000
3.8600
1.9900
2.3500
2.9900
5.6800
15.5000
99.4000
82.4000
27.0000
51.8000
107.1000
8.4100
61.6000
15.2000
73.6000
36.5000
76.0000
149.3000
215.1000
120.9000
55.2000
66.5000
21.3000
10.0000
26.1000
4.7300
3.2100
9.1800
78.5000
101.8000
37.5000
151.3000
81.2000
77.8000
110.3000
28.2000
6.0300
0.9030
1.4400
10.0000
18.4000
54.2000
144.2000
204.8000
151.6000
39.4000
30.0000
23.5000
56.6000
18.6000
17.6000
20.8000
95.5000
56.9000
123.9000
120.1000
164.1000
60.9000
30.9000
42.7000
9.2200
1.2600
2.0100
22.6000
26.3000
44.1000
187.1000
124.2000
113.0000
196.0000
93.9000
15.3000
29.1000
20.9000
368.6000
118.9000
95.6000
69.3000
206.8000
118.6000
154.4000
173.0000
138.0000
87.0000
86.1000
44.7000
553.8000
310.6000
260.7000
189.9000
333.4000
210.8000
298.2000
94.5000
69.0000
33.3000
20.4000
7.9400
6.9200
16.4000
102.6000
185.1000
146.7000
136.5000
91.1000
92.4000
43.0000
20.3000
34.0000
86.7000
12.4000
17.7000
57.8000
283.8000
236.4000
538.4000
190.6000
88.1000
71.6000
559.8000
60.8000
499.3000
111.2000
132.7000
182.5000
320.0000
193.1000
117.7000
72.4000
47.1000
47.3000
5.6700
3.2800
40.0000
88.2000
42.5000
138.7000
109.9000
82.0000
185.2000
108.1000
71.2000
16.8000
11.5000
11.0000
6.3700
98.7000
237.9000
231.1000
549.5000
112.7000
404.8000
272.9000
241.9000
51.2000
46.2000
131.7000
19.9000
13.1000
41.2000
140.5000
359.9000
540.6000
202.1000
184.5000
116.1000
116.8000
90.6000
226.9000
774.3000
472.4000
350.6000
156.2000
465.2000
158.0000
289.5000
267.8000
93.6000
26.0000
12.6000
1.3000
0.2910
8.5300
22.0000
19.2000
18.2000
43.0000
27.7000
39.7000
41.5000
155.9000
20.3000
9.9900
7.1100
6.4700
10.3000
53.1000
127.3000
211.3000
191.1000
62.8000
45.0000
95.2000
36.3000
181.5000
18.0000
49.1000
83.0000
210.3000
107.5000
299.3000
413.9000
338.8000
82.4000
107.8000
12.3000
2.0800
0.9060
15.3000
76.2000
143.0000
247.0000
432.8000
520.3000
301.1000
151.3000
55.3000
71.5000
95.4000
12.3000
15.9000
43.8000
69.8000
185.5000
279.0000
65.4000
33.2000
33.3000
16.4000
17.3000
35.4000
16.3000
79.7000
510.4000
193.7000
115.4000
216.6000
130.9000
66.4000
58.4000
15.4000
2.6200
75.3000
10.6000
13.6000
30.0000
142.6000
270.4000
263.5000
209.9000
373.5000
79.5000
109.0000
13.9000
2.3400
28.9000
6.1200
35.2000
76.5000
110.4000
136.6000
69.7000
70.7000
46.4000
15.1000
12.2000
4.3500
2.1200
13.6000
48.0000
25.2000
48.5000
163.4000
353.3000
340.8000
217.9000
68.6000
59.8000
167.2000
79.8000
106.4000
131.3000
114.3000
251.9000
190.6000
108.5000
161.9000
139.8000
32.1000
20.4000
37.3000
6.5500
17.2000
22.4000
39.7000
179.0000
66.0000
188.5000
82.6000
20.9000
24.3000
15.4000
81.8000
6.1200
15.0000
14.1000
40.3000
93.1000
76.4000
191.7000
85.8000
69.6000
48.9000
21.6000
33.3000
11.1000
6.6600
21.9000
37.8000
194.2000
124.8000
460.1000
254.2000
100.8000
47.4000
8.5400
1.4200
0.5340
0.5180
26.5000
49.2000
81.5000
210.4000
423.7000
126.0000
64.0000
14.1000
15.1000
9.4500
15.6000
6.7000
57.9000
26.6000
79.8000
65.2000
117.3000
31.9000
69.2000
80.2000
93.2000
2.4100
5.3600
34.0000
56.0000
42.1000
248.7000
219.2000
142.7000
121.2000
112.3000
38.5000
26.7000
36.1000
130.9000
385.9000
157.4000
306.8000
157.6000
244.0000
215.6000
234.2000
104.5000
68.7000
27.9000
5.7100
1.3500
1.9600
39.9000
47.6000
243.6000
372.6000
551.3000
257.0000
157.2000
48.1000
6.7500
2.0000
2.3200
2.0900
4.1600
24.7000
179.9000
45.6000
120.0000
137.5000
37.1000
8.2600
11.6000
1.7800
346.4000
94.0000
55.4000
78.1000
104.5000
192.5000
107.5000
379.1000
76.5000
129.6000
50.2000
37.7000
71.8000
7.0500
19.0000
43.5000
52.9000
69.1000
245.6000
107.2000
23.7000
87.7000
15.1000
11.5000
2.2500
1.8100
4.0900
6.2600
23.6000
21.3000
47.8000
32.8000
36.6000
5.3600
2.0300
1.3500
2.5600
11.5000
74.1000
119.0000
85.0000
234.9000
352.8000
366.9000
726.1000
357.9000
155.0000
120.7000
592.2000
77.2000
131.4000
314.1000
96.5000
207.3000
92.0000
124.2000
103.0000
78.6000
150.1000
423.2000
379.3000
131.6000
189.0000
159.6000
138.2000
111.5000
223.2000
110.3000
49.4000
30.4000
45.6000
9.0400
1.8300
9.7700
29.4000
177.1000
108.5000
84.8000
37.6000
66.2000
38.1000
30.0000
99.0000
14.1000
153.8000
221.7000
492.4000
123.1000
162.2000
129.9000
127.1000
155.7000
67.7000
22.9000
19.3000
15.7000
5.0600
6.9800
9.7700
29.9000
41.4000
57.2000
78.7000
198.1000
135.8000
11.3000
8.9300
52.6000
108.3000
22.7000
73.6000
204.6000
80.0000
51.0000
196.8000
110.4000
91.4000
65.0000
8.3900
3.6100
9.7200
5.0900
288.9000
427.3000
188.9000
334.2000
271.7000
98.4000
50.5000
16.7000
1.0900
3.4000
0.9080
20.3000
10.2000
24.4000
30.1000
24.7000
93.4000
55.2000
19.3000
10.6000
26.8000
28.1000
34.9000
20.4000
97.5000
88.1000
50.9000
70.4000
88.0000
36.6000
29.9000
7.1600
34.0000
6.1400
31.8000
10.8000
13.7000
33.5000
272.0000
131.2000
166.7000
134.0000
58.9000
55.2000
45.6000
88.3000
25.7000
14.7000
30.5000
167.5000
170.3000
166.3000
123.4000
152.1000
83.1000
18.8000
8.5000
24.3000
12.5000
10.9000
27.1000
65.7000
92.7000
78.4000
176.9000
84.1000
28.2000
107.3000
91.2000
33.8000
16.9000
53.1000
77.7000
209.8000
129.1000
292.0000
82.7000
45.3000
139.8000
52.5000
32.5000
13.9000
6.0100
106.2000
18.1000
44.7000
104.8000
43.7000
67.4000
105.2000
103.8000
33.0000
10.6000
48.1000
18.4000
5.3200
15.5000
18.1000
51.7000
91.8000
73.1000
78.0000
200.4000
114.8000
34.6000
44.4000
26.2000
185.1000
209.7000
187.4000
178.0000
269.7000
230.6000
133.0000
44.2000
91.2000
25.3000
6.4400
1.5800
4.9400
14.0000
46.1000
45.9000
192.0000
79.9000
76.9000
79.5000
101.2000
7.1100
120.7000
67.5000
101.8000
152.4000
330.5000
200.1000
428.5000
244.4000
144.3000
38.2000
43.8000
68.6000
96.3000
16.6000
25.1000
18.7000
21.5000
































































































