106.70000
119.10000
123.90000
71.80000
194.30000
109.70000
74.60000
240.60000
104.60000
325.40000
111.50000
208.10000
167.30000
436.40000
279.90000
213.80000
208.00000
109.40000
120.70000
52.80000
43.50000
47.50000
57.60000
64.60000
96.80000
218.40000
419.90000
242.90000
140.90000
77.00000
61.60000
55.00000
498.80000
117.60000
102.90000
152.70000
237.60000
223.30000
197.70000
214.50000
254.30000
108.20000
200.90000
125.50000
458.70000
119.80000
146.90000
319.20000
271.50000
302.10000
230.60000
148.60000
327.40000
129.80000
134.40000
120.20000
78.30000
76.50000
91.10000
102.80000
332.00000
110.00000
232.70000
224.10000
117.40000
85.50000
88.10000
57.10000
66.30000
84.10000
205.40000
105.10000
174.80000
383.70000
309.90000
330.40000
162.00000
113.30000
83.10000
201.20000
69.70000
115.20000
260.80000
481.60000
301.10000
277.60000
212.90000
230.90000
182.50000
139.20000
267.30000
115.90000
99.60000
136.50000
140.20000
119.70000
128.80000
188.20000
187.90000
120.30000
164.50000
112.10000
165.60000
105.10000
269.70000
125.90000
108.60000
276.00000
138.00000
209.40000
206.50000
281.60000
150.20000
128.90000
89.40000
62.70000
49.70000
44.10000
130.30000
312.60000
283.80000
255.00000
386.00000
237.90000
149.00000
116.70000
77.60000
117.70000
139.00000
68.90000
135.10000
127.80000
215.80000
180.50000
299.50000
205.10000
123.70000
92.20000
60.80000
47.60000
37.80000
71.60000
51.80000
174.80000
303.50000
127.50000
171.20000
124.10000
120.70000
63.30000
36.50000
29.60000
20.40000
49.70000
83.70000
120.00000
85.80000
198.70000
293.50000
159.40000
120.00000
138.70000
61.60000
302.50000
82.60000
56.10000
61.20000
56.00000
56.20000
121.00000
138.70000
163.20000
66.70000
49.50000
36.30000
28.50000
32.30000
50.20000
89.00000
116.80000
116.90000
266.30000
173.20000
258.40000
96.20000
114.60000
45.60000
37.30000
116.30000
66.70000
244.70000
196.30000
285.10000
268.60000
294.90000
354.50000
315.70000
159.20000
89.40000
102.60000
68.50000
70.70000
71.60000
157.70000
125.00000
99.90000
152.50000
253.70000
84.40000
65.50000
82.00000
54.30000
48.40000
124.10000
113.50000
133.60000
138.20000
399.20000
289.40000
300.80000
275.30000
103.30000
61.50000
63.60000
104.90000
62.20000
70.70000
73.40000
82.00000
427.70000
242.90000
316.50000
147.70000
110.90000
65.30000
89.30000
69.90000
115.90000
112.50000
366.50000
300.70000
264.40000
461.70000
312.30000
139.10000
269.70000
125.60000
74.60000
61.60000
60.00000
171.60000
123.50000
196.50000
166.00000
366.80000
115.80000
88.20000
56.60000
54.70000
27.40000
29.30000
30.10000
63.80000
54.20000
193.40000
228.20000
137.70000
140.80000
80.40000
37.30000
57.40000
32.00000
22.20000
38.50000
47.90000
71.20000
73.50000
233.60000
269.70000
102.90000
71.80000
46.50000
53.00000
26.00000
38.90000
66.50000
51.80000
44.00000
47.90000
265.90000
150.00000
60.20000
77.70000
32.60000
36.20000
48.50000
67.90000
147.50000
74.30000
117.40000
219.80000
156.70000
116.30000
81.30000
87.40000
45.50000
50.10000
72.80000
41.80000
41.20000
38.30000
202.70000
185.20000
79.30000
158.70000
86.20000
125.90000
67.50000
36.60000
45.40000
20.40000
28.70000
51.30000
55.40000
97.70000
112.50000
240.40000
103.60000
72.50000
59.60000
31.00000
36.70000
22.90000
24.50000
32.20000
67.70000
88.60000
119.20000
89.50000
99.60000
71.90000
25.40000
29.90000
65.80000
20.10000
48.50000
138.30000
70.10000
135.90000
307.10000
159.90000
141.20000
605.70000
125.80000
74.90000
88.70000
143.60000
287.10000
209.20000
154.40000
209.80000
425.40000
179.40000
198.80000
346.10000
898.40000
333.80000
100.40000
72.40000
399.00000
457.90000
342.50000
304.30000
360.60000
363.40000
501.90000
219.70000
178.10000
119.40000
110.70000
91.00000
96.40000
85.60000
301.20000
267.50000
221.40000
203.80000
260.60000
148.30000
116.30000
76.40000
101.40000
270.80000
64.80000
70.60000
129.50000
199.60000
200.90000
843.70000
181.80000
141.00000
120.30000
191.20000
82.80000
260.20000
112.10000
114.80000
162.10000
327.80000
178.30000
157.60000
225.60000
116.80000
109.80000
53.00000
35.30000
38.40000
289.70000
147.40000
232.40000
123.30000
129.20000
171.70000
224.50000
94.40000
65.20000
30.20000
26.70000
27.70000
59.50000
111.80000
155.20000
635.60000
132.10000
315.90000
415.60000
375.10000
116.80000
108.50000
79.70000
54.90000
49.80000
77.50000
136.20000
416.80000
682.90000
332.40000
242.70000
126.90000
166.10000
113.80000
79.70000
265.90000
247.90000
167.90000
125.50000
326.10000
156.30000
310.30000
254.30000
146.80000
77.90000
62.00000
34.80000
33.50000
45.60000
63.00000
54.20000
57.80000
160.10000
62.90000
80.10000
50.70000
117.00000
57.70000
35.30000
62.00000
124.80000
59.20000
128.70000
214.00000
353.10000
207.50000
123.50000
104.20000
178.20000
161.70000
78.20000
42.00000
54.60000
71.00000
124.70000
80.50000
215.10000
295.50000
551.20000
171.80000
115.30000
77.30000
33.10000
28.30000
70.50000
188.00000
314.60000
182.50000
450.10000
475.90000
370.20000
196.50000
95.30000
181.50000
101.90000
56.70000
69.90000
73.90000
93.00000
141.80000
262.10000
98.50000
77.90000
142.70000
57.90000
58.50000
399.60000
60.20000
75.70000
639.30000
161.40000
108.90000
194.50000
136.30000
88.40000
78.10000
45.30000
34.30000
42.00000
37.90000
32.10000
71.50000
200.10000
127.30000
300.60000
272.80000
551.60000
113.60000
77.30000
71.30000
24.10000
691.30000
63.80000
132.80000
181.60000
173.40000
137.60000
114.60000
152.50000
153.90000
77.60000
63.70000
47.50000
48.50000
47.30000
98.40000
71.40000
83.00000
145.60000
248.70000
226.80000
432.90000
221.40000
180.70000
177.00000
308.40000
274.10000
187.70000
142.30000
387.40000
354.20000
372.20000
322.40000
282.90000
145.50000
108.40000
87.80000
67.20000
348.60000
140.90000
215.70000
300.50000
159.00000
380.80000
214.20000
133.80000
78.60000
76.60000
61.40000
43.20000
37.30000
50.40000
92.80000
108.00000
124.20000
137.20000
205.30000
140.70000
106.20000
81.30000
67.30000
96.50000
79.10000
211.30000
253.20000
341.30000
282.10000
815.10000
352.50000
171.90000
119.60000
110.30000
59.60000
57.90000
55.40000
209.20000
267.90000
291.10000
398.20000
605.70000
205.90000
140.60000
100.00000
112.20000
93.70000
62.40000
54.90000
67.00000
68.00000
145.60000
142.60000
133.90000
72.50000
130.00000
506.30000
192.40000
51.50000
45.10000
269.10000
194.60000
147.00000
363.10000
305.00000
286.60000
204.10000
234.60000
136.50000
109.60000
163.00000
1475.00000
188.80000
208.50000
487.30000
292.90000
287.50000
320.50000
225.30000
134.40000
154.00000
78.70000
52.80000
70.70000
73.10000
131.40000
113.40000
532.60000
561.20000
528.90000
378.30000
365.30000
140.30000
86.50000
91.40000
47.50000
46.10000
54.40000
72.10000
232.40000
128.00000
160.70000
126.70000
65.30000
36.30000
37.30000
29.50000
227.70000
88.50000
94.00000
130.80000
133.50000
183.40000
106.90000
217.00000
98.90000
79.20000
61.90000
51.60000
67.60000
37.90000
44.20000
53.00000
75.30000
79.40000
212.70000
105.10000
82.30000
120.30000
35.50000
29.30000
24.10000
19.00000
28.50000
45.70000
59.40000
53.90000
110.00000
69.20000
75.20000
18.30000
12.90000
8.95000
10.60000
44.60000
186.00000
211.00000
109.70000
408.80000
382.20000
372.60000
375.30000
345.10000
372.80000
189.00000
366.30000
134.30000
259.30000
327.30000
178.70000
269.00000
137.10000
202.50000
112.20000
84.20000
70.00000
114.00000
111.10000
138.50000
210.70000
174.10000
254.00000
111.80000
233.20000
145.50000
93.70000
74.10000
59.50000
44.80000
22.40000
76.60000
80.40000
150.60000
150.60000
129.40000
72.90000
65.20000
52.30000
82.10000
33.80000
48.00000
280.50000
263.30000
368.80000
127.30000
310.30000
182.20000
307.20000
194.50000
121.40000
72.00000
41.90000
23.80000
17.80000
87.60000
43.40000
56.80000
67.30000
84.40000
98.20000
232.20000
254.20000
61.40000
39.60000
19.60000
87.40000
30.60000
45.70000
142.20000
165.50000
80.30000
177.70000
135.00000
157.60000
132.10000
77.20000
69.90000
39.00000
39.00000
403.40000
545.30000
379.70000
310.90000
297.00000
163.80000
129.80000
87.80000
43.90000
56.80000
95.90000
103.20000
94.90000
88.50000
78.80000
82.50000
156.50000
121.00000
80.60000
47.10000
36.70000
33.10000
97.20000
53.30000
110.10000
193.00000
133.00000
88.50000
276.90000
85.00000
69.20000
47.50000
41.40000
27.40000
29.90000
32.30000
38.40000
52.10000
236.50000
110.50000
142.90000
124.80000
161.20000
171.30000
118.00000
41.20000
25.30000
33.70000
64.40000
162.10000
222.90000
227.20000
125.60000
222.90000
230.60000
83.10000
51.50000
47.20000
27.50000
57.30000
62.70000
96.30000
