19.8000
24.2000
159.9000
35.2000
25.9000
79.0000
9.6500
3.8200
0.8490
0.4670
1.6500
2.8100
17.8000
11.8000
29.9000
12.2000
28.1000
0.9430
0.0800
0.0890
2.7500
38.2000
61.5000
106.0000
54.3000
131.6000
187.8000
196.2000
224.7000
92.3000
30.8000
35.9000
152.2000
23.0000
54.1000
117.7000
31.4000
69.1000
28.2000
41.5000
22.8000
39.7000
27.8000
99.3000
45.8000
46.8000
80.1000
93.4000
64.6000
44.1000
90.7000
47.3000
26.2000
13.6000
8.5100
4.1700
0.2120
4.4100
11.3000
89.9000
30.7000
28.7000
9.5300
19.1000
10.6000
8.1200
24.4000
3.0300
11.4000
60.8000
174.6000
35.3000
64.8000
26.1000
41.5000
56.3000
9.6000
7.9400
5.4700
0.6850
0.0100
2.9700
0.3670
15.6000
8.5700
14.4000
57.6000
46.2000
30.6000
5.2000
3.0400
0.5680
23.5000
0.8500
6.2500
80.5000
29.8000
12.2000
99.0000
26.0000
48.6000
59.3000
6.8100
5.9900
1.9000
2.1300
102.2000
183.3000
83.7000
130.7000
86.9000
20.4000
33.9000
8.2300
0.9410
3.8500
14.2000
24.6000
10.2000
13.6000
13.3000
13.4000
45.1000
58.2000
24.6000
3.8800
6.2200
2.2700
6.0200
10.5000
23.9000
30.3000
16.1000
28.2000
38.9000
18.9000
13.2000
4.7100
5.5700
3.3000
17.8000
7.3400
5.5400
28.2000
133.1000
50.4000
47.9000
53.5000
61.2000
28.8000
72.8000
6.3500
2.2700
1.5600
5.6400
63.0000
90.1000
54.6000
82.2000
68.3000
107.3000
10.5000
7.7000
11.1000
18.2000
35.6000
27.9000
50.3000
48.8000
56.6000
94.1000
33.8000
10.9000
12.3000
4.2600
0.6740
2.4800
16.2000
38.0000
165.4000
54.0000
151.4000
30.1000
15.7000
172.7000
80.6000
7.7900
3.3400
18.3000
76.7000
6.8000
12.4000
54.0000
18.1000
29.4000
102.6000
79.9000
46.8000
3.0300
1.4800
1.2700
2.2200
12.2000
17.1000
22.7000
21.2000
18.5000
83.4000
157.0000
95.4000
39.2000
15.3000
60.1000
91.1000
122.5000
91.9000
81.9000
159.8000
79.8000
37.7000
12.1000
43.3000
12.4000
4.0700
0.9200
7.3900
17.1000
36.0000
43.6000
146.5000
32.4000
37.2000
33.7000
141.0000
21.3000
76.5000
53.8000
89.2000
103.2000
172.4000
100.2000
160.6000
78.3000
46.2000
19.5000
10.9000
51.8000
13.5000
5.3300
4.9700
5.0300
3.4800




























































































































































