1169.0000
1265.0000
1008.0000
882.8000
707.6000
71.9000
318.3000
223.7000
30.0000
18.6000
27.7000
66.8000
173.7000
1513.0000
171.3000
110.0000
86.3000
30.3000
85.7000
71.0000
26.2000
527.4000
673.6000
512.5000
168.7000
249.5000
619.0000
102.0000
136.3000
40.3000
27.7000
174.8000
17.0000
38.8000
241.6000
665.3000
1679.0000
841.4000
1324.0000
341.4000
128.3000
152.5000
61.6000
81.5000
15.1000
3.8500
17.5000
31.5000
191.6000
266.0000
243.9000
211.5000
73.1000
21.9000
39.6000
31.2000
305.9000
383.8000
152.4000
66.2000
294.1000
636.5000
1090.0000
988.6000
291.0000
348.9000
1061.0000
230.2000
143.7000
513.0000
103.4000
565.7000
683.9000
1119.0000
716.7000
249.1000
241.7000
72.2000
17.7000
48.7000
23.3000
2039.0000
288.2000
247.3000
1261.0000
596.9000
1801.0000
442.7000
568.8000
563.8000
369.0000
508.8000
50.2000
21.6000
38.4000
85.9000
170.3000
547.9000
949.6000
280.5000
84.0000
166.5000
39.3000
110.2000
37.5000
225.0000
1486.0000
815.4000
1775.0000
1304.0000
2143.0000
574.4000
149.7000
52.7000
18.9000
15.7000
56.8000
107.7000
75.5000
213.5000
505.8000
707.5000
833.1000
164.0000
42.6000
1236.0000
238.7000
412.2000
123.7000
256.3000
238.0000
1034.0000
1243.0000
2009.0000
563.1000
111.9000
53.2000
124.7000
42.3000
425.8000
123.6000
195.2000
556.9000
364.5000
811.9000
1136.0000
1197.0000
519.1000
378.3000
95.7000
37.7000
139.2000
60.5000
338.1000
108.3000
281.7000
715.6000
1285.0000
879.7000
376.8000
317.0000
104.4000
199.5000
136.1000
53.4000
152.9000
373.0000
809.8000
1252.0000
1630.0000
1598.0000
895.0000
726.7000
104.2000
24.0000
22.5000
215.7000
60.9000
30.0000
47.5000
280.9000
561.6000
301.1000
160.8000
110.5000
83.7000
82.3000
10.8000
6.5000
22.3000
14.2000
23.9000
649.9000
372.6000
344.5000
72.4000
18.3000
18.0000
31.8000
40.6000
227.6000
16.1000
38.4000
32.8000
75.8000
219.9000
1067.0000
186.8000
35.1000
115.6000
81.9000
5.8800
4.2700
1.1700
3.8900
7.7100
45.9000
160.3000
301.4000
283.9000
69.6000
5.4500
4.0300
4.5000
70.1000
17.2000
112.3000
417.0000
119.5000
670.0000
2211.0000
971.4000
1609.0000
442.1000
685.3000
246.8000
40.9000
30.4000
40.7000
88.0000
70.0000
458.5000
116.8000
75.3000
55.5000
103.1000
167.4000
22.8000
209.6000
38.3000
103.0000
78.2000
