188.1000
597.6000
96.9000
313.6000
183.2000
6.5900
28.4000
3.0500
18.8000
12.6000
98.5000
195.1000
56.4000
114.3000
811.8000
177.4000
443.4000
25.3000
51.8000
15.4000
2.7900
4.0500
19.4000
96.1000
334.3000
119.7000
400.2000
380.3000
911.8000
78.3000
12.5000
44.0000
11.1000
25.3000
70.7000
119.5000
203.6000
154.8000
53.4000
179.3000
110.6000
70.0000
71.4000
153.8000
9.8300
6.4500
33.5000
148.4000
137.6000
244.6000
294.5000
505.3000
73.8000
38.9000
42.0000
24.6000
68.4000
127.4000
209.8000
324.1000
226.8000
557.9000
207.9000
52.9000
194.7000
24.3000
14.0000
134.0000
58.0000
13.4000
23.7000
152.7000
236.7000
423.2000
346.2000
633.5000
139.4000
27.1000
13.0000
30.2000
11.3000
17.5000
185.5000
472.8000
216.2000
230.8000
207.3000
628.3000
274.0000
93.9000
231.0000
54.1000
19.8000
135.7000
386.4000
157.5000
580.9000
152.0000
297.0000
256.9000
246.4000
251.7000
19.4000
67.4000
100.5000
18.2000
69.4000
251.3000
270.5000
544.0000
528.3000
424.2000
304.1000
60.8000
7.4800
17.2000
97.4000
259.4000
72.2000
290.2000
405.9000
341.7000
193.1000
98.2000
38.5000
56.6000
271.3000
92.9000
36.7000
192.8000
79.5000
118.3000
24.0000
358.9000
329.8000
203.8000
95.7000
57.3000
31.6000
23.2000
19.5000
24.4000
36.4000
174.1000
340.7000
40.7000
578.3000
108.6000
182.8000
145.9000
69.5000
54.4000
20.7000
66.2000
151.3000
547.7000
507.3000
301.1000
154.3000
279.8000
268.2000
111.3000
106.2000
309.9000
261.5000
162.9000
152.7000
225.1000
234.8000
165.0000
661.8000
243.9000
62.6000
87.4000
384.0000
406.5000
51.2000
25.0000
79.4000
100.9000
61.9000
596.1000
219.7000
212.2000
228.0000
422.6000
98.4000
14.0000
6.3700
4.4800
9.3600
32.3000
210.7000
214.1000
431.3000
140.7000
130.5000
253.3000
138.7000
19.4000
10.8000
13.3000
101.5000
293.4000
80.3000
186.2000
82.6000
493.4000
496.0000
70.8000
28.2000
8.0600
3.0200
81.8000
200.4000
317.3000
121.5000
161.4000
299.0000
352.9000
227.7000
26.2000
19.0000
17.7000
3.2700

141.1000
248.8000
95.3000
450.0000
352.9000
177.5000
222.0000
18.5000
19.7000
13.0000
2.2000
8.5400
384.6000
145.6000
103.5000
447.2000
289.1000
70.0000
33.2000
29.9000
13.7000
1.0800
7.3800
12.5000
230.7000
329.0000
127.9000
101.4000
177.3000
438.8000
51.9000
10.5000
2.4000
1.2900
0.3760
0.4190
0.9850
20.2000
48.8000
162.3000
159.2000
118.5000
33.4000
2.3700
3.3000
0.7160
0.7370
0.9880
49.3000
87.4000
225.8000
649.1000
447.0000
387.1000
378.7000
202.6000
161.2000
235.8000
215.2000
249.6000
171.2000
108.8000
450.5000
387.7000
177.4000
205.3000
517.1000
81.8000
79.2000
174.8000
33.0000
153.1000
145.1000
765.2000
348.5000
354.5000
493.8000
385.3000
35.5000
26.4000
4.9500
6.9800
9.1700
3.6400
22.1000
292.8000
141.9000
145.8000
350.5000
162.2000
142.5000
146.0000
186.6000
53.2000
13.4000
15.8000
83.7000
118.9000
235.8000
216.3000
557.6000
235.1000
71.8000
28.6000
15.6000
1.1000
3.9400
8.8000
76.6000
86.2000
754.5000
884.4000
601.5000
590.4000
154.4000
23.2000
55.9000
51.1000
25.1000
8.5600
27.7000
114.3000
291.1000
244.0000
240.5000
48.6000
700.2000
49.4000
8.3200
34.0000
0.7900
16.8000
28.9000
118.8000
506.2000
303.8000
435.3000
212.3000
647.6000
226.5000
38.2000
56.6000
73.9000
22.9000
157.8000
324.6000
218.3000
219.9000
1088.0000
98.9000
124.8000
96.0000
13.0000
25.0000
8.0900
2.5900
13.9000
41.0000
222.1000
323.1000
238.4000
357.2000
379.3000
488.0000
80.2000
6.6200
3.0100
15.5000
12.5000
40.8000
214.0000
215.1000
348.8000
109.4000
65.8000
7.5800
19.8000
67.3000
5.6600
10.9000
82.9000
186.5000
143.1000
250.0000
192.7000
294.0000
47.5000
25.7000
8.3500
11.5000
39.9000
7.3000
11.9000
132.3000
71.1000
158.8000
345.8000
245.6000
449.0000
209.7000
70.6000
24.1000
7.2100
11.9000
23.7000
76.1000
123.1000
68.6000
558.0000
316.4000
377.6000
160.8000
29.6000
2.1000
1.8100
32.2000
74.1000
150.6000
134.4000
385.1000
304.0000
145.4000
447.6000
472.3000
135.8000
136.6000
89.3000
111.1000
528.8000
302.5000
357.5000
360.4000
373.3000
518.4000
224.6000
103.9000
54.0000
18.6000
899.5000
51.3000
251.1000
270.0000
572.8000
237.6000
410.1000
434.1000
96.5000
17.0000
25.3000
4.6100
3.3700
9.7000
62.8000
65.6000
337.5000
107.1000
282.3000
218.9000
41.1000
18.0000
44.7000
5.1700
112.1000
606.6000
168.2000
121.6000
371.2000
396.5000
262.9000
245.5000
27.3000
10.0000
14.4000
8.4600
0.9260
1.3500
43.2000
332.8000
173.1000
477.7000
708.4000
220.4000
342.1000
281.3000
73.0000
16.8000
2.5000
3.2900
10.9000
186.4000
224.7000
278.7000
103.0000
244.5000
298.5000
116.9000
44.8000
51.9000
3.3400
18.6000
15.8000
160.6000
241.1000
251.4000
289.6000
52.3000
572.8000
112.5000
53.7000
12.1000
1.3200
2.4100
19.9000
139.0000
95.4000
540.9000
626.3000
868.0000
255.1000
25.9000
36.4000
15.1000
69.0000
274.1000
416.0000
256.1000
369.4000
131.4000
308.3000
101.3000
403.2000
13.7000
8.4500
10.4000
33.9000
56.7000
33.2000
554.3000
298.8000
191.7000
265.4000
62.9000
36.6000
108.8000
203.9000
56.9000
40.3000
26.1000
148.0000
483.2000
183.8000
558.9000
176.9000
350.2000
203.3000
24.6000
17.3000
4.5800
2.3400
10.3000
18.7000
132.9000
116.1000
90.6000
740.3000
534.2000
46.1000
120.9000
204.4000
12.9000
13.2000
26.1000
41.0000
361.9000
155.3000
517.8000
252.4000
131.0000
97.9000
175.5000
43.0000
7.4600
1.2600
5.4900
0.4300
117.1000
319.0000
227.5000
453.6000
349.9000
96.4000
48.8000
102.0000
19.9000
6.1800
8.0600
98.5000
51.9000
298.1000
1060.0000
320.3000
629.7000
109.7000
127.0000
48.8000
62.2000
482.2000
68.3000
455.2000
561.0000
514.6000
976.2000
178.9000
224.3000
196.8000
91.1000
85.7000
30.4000
2.2900
45.4000
85.3000
592.3000
370.3000
565.3000
397.0000
461.7000
495.7000
139.6000
13.0000
30.9000
37.3000
53.7000
50.3000
195.2000
212.4000
396.1000
448.5000
146.5000
184.6000
249.9000
143.5000
90.4000
41.6000
57.9000
46.8000
217.2000
