1882.0000
2008.0000
2133.0000
1675.0000
1266.0000
787.4000
426.4000
589.2000
548.5000
445.4000
696.5000
1104.0000
1434.0000
810.9000
1225.0000
2914.0000
2051.0000
1131.0000
1265.0000
1852.0000
924.6000
543.9000
529.2000
1110.0000
2386.0000
2421.0000
1990.0000
1668.0000
2220.0000
1180.0000
688.5000
571.8000
530.3000
1887.0000
2077.0000
2643.0000
2417.0000
3207.0000
2114.0000
3283.0000
2625.0000
1293.0000
1151.0000
1044.0000
756.7000
644.3000
634.8000
678.1000
698.1000
630.5000
2659.0000
2303.0000
981.1000
977.2000
1089.0000
1127.0000
1256.0000
1295.0000
2366.0000
2449.0000
3548.0000
2018.0000
3888.0000
2726.0000
1953.0000
1327.0000
2089.0000
1612.0000
2592.0000
1159.0000
2227.0000
1399.0000
4238.0000
3099.0000
4202.0000
3877.0000
1579.0000
1004.0000
799.6000
1071.0000
1041.0000
2053.0000
1117.0000
1630.0000
4933.0000
3096.0000
2043.0000
1848.0000
1635.0000
1156.0000
845.3000
1349.0000
1710.0000
3594.0000
2156.0000
1726.0000
2010.0000
1982.0000
1902.0000
1532.0000
1955.0000
1983.0000
2886.0000
1654.0000
973.9000
677.9000
1783.0000
1090.0000
1877.0000
3922.0000
2468.0000
1529.0000
1019.0000
1030.0000
1126.0000
1813.0000
694.7000
634.0000
578.0000
631.2000
568.0000
1363.0000
1354.0000
1722.0000
1182.0000
1703.0000
1532.0000
8148.0000
2357.0000
1297.0000
1308.0000
1869.0000
1465.0000
1086.0000
1581.0000
1525.0000
811.4000
727.7000
2812.0000
901.8000
658.7000
504.9000
654.5000
1003.0000
880.2000
1134.0000
2150.0000
1017.0000
2108.0000
2847.0000
1598.0000
2133.0000
2450.0000
1421.0000
1092.0000
2172.0000
2495.0000
3020.0000
2643.0000
2693.0000
2369.0000
1486.0000
1537.0000
946.6000
780.5000
638.7000
890.0000
876.7000
1458.0000
2936.0000
3324.0000
2190.0000
1683.0000
956.1000
958.6000
855.5000
1316.0000
2401.0000
1445.0000
1762.0000
2318.0000
2507.0000
1898.0000
2121.0000
3197.0000
1632.0000
1528.0000
1191.0000
4136.0000
1722.0000
1524.0000
2216.0000
4487.0000
3288.0000
3209.0000
2283.0000
3169.0000
1443.0000
1722.0000
978.2000
903.0000
922.6000
875.7000
878.4000
3132.0000
1384.0000
2324.0000
2237.0000
1301.0000
1287.0000
947.4000
1527.0000
1042.0000
2588.0000
3667.0000
1601.0000
1320.0000
3280.0000
2753.0000
2888.0000
1468.0000
1272.0000
1295.0000
1814.0000
1099.0000
874.9000
2462.0000
3272.0000
2502.0000
2529.0000
2137.0000
3011.0000
2773.0000
2197.0000
4017.0000
4210.0000
2295.0000
1771.0000
2655.0000
1983.0000
1998.0000
3007.0000
2172.0000
1474.0000
2548.0000
2376.0000
1543.0000
1293.0000
2355.0000
1242.0000
1216.0000
3445.0000
1652.0000
2307.0000
2775.0000
3254.0000
1613.0000
1412.0000
1128.0000
913.4000
665.2000
527.8000
899.3000
2078.0000
1919.0000
2830.0000
3437.0000
2007.0000
1536.0000
984.5000
701.1000
1086.0000
766.4000
650.0000
1159.0000
1041.0000
2336.0000
2731.0000
3797.0000
1852.0000
1720.0000
1235.0000
912.0000
603.7000
490.8000
434.9000
503.9000
1135.0000
1852.0000
1661.0000
2217.0000
1705.0000
1727.0000
944.7000
668.5000
557.6000
381.5000
536.5000
783.0000
1379.0000
1117.0000
2412.0000
4346.0000
3281.0000
1706.0000
1255.0000
1507.0000
1258.0000
704.1000
625.7000
662.4000
592.5000
567.6000
2558.0000
2399.0000
3088.0000
1411.0000
785.9000
1122.0000
508.3000
1159.0000
1491.0000
1811.0000
1538.0000
2342.0000
4714.0000
2639.0000
5443.0000
1921.0000
2752.0000
1414.0000
850.3000
1805.0000
1783.0000
3538.0000
3777.0000
3281.0000
3982.0000
3474.0000
4170.0000
3997.0000
1993.0000
1585.0000
1440.0000
746.7000
754.2000
710.0000
1773.0000
2024.0000
1185.0000
1497.0000
2966.0000
1325.0000
1281.0000
995.0000
844.7000
1997.0000
3283.0000
1717.0000
2432.0000
2277.0000
4262.0000
4125.0000
4977.0000
2223.0000
1434.0000
1522.0000
1308.0000
1110.0000
960.6000
840.4000
1008.0000
1507.0000
3064.0000
2644.0000
3106.0000
3045.0000
2456.0000
1398.0000
1958.0000
1266.0000
1089.0000
1865.0000
4005.0000
3058.0000
3376.0000
3819.0000
3417.0000
1641.0000
1580.0000
1126.0000
851.2000
1004.0000
930.7000
1928.0000
2331.0000
1675.0000
1285.0000
4893.0000
1427.0000
1442.0000
1011.0000
792.4000
666.1000
597.4000
494.4000
735.1000
662.8000
2443.0000
1710.0000
3302.0000
2261.0000
1360.0000
829.0000
857.3000
931.3000
882.4000
2623.0000
1637.0000
1708.0000
1788.0000
2475.0000
3392.0000
2452.0000
1715.0000
1280.0000
1159.0000
823.6000
669.5000
1158.0000
753.1000
625.6000
728.4000
4079.0000
1853.0000
1745.0000
2268.0000
1011.0000
794.2000
1200.0000
1840.0000
1707.0000
2187.0000
2370.0000
2338.0000
2052.0000
2680.0000
1524.0000
1947.0000
1499.0000
1539.0000
1733.0000
1067.0000
1273.0000
1256.0000
2354.0000
3406.0000
2034.0000
2419.0000
2371.0000
1792.0000
1850.0000
1035.0000
866.6000
600.6000
1601.0000
1274.0000
1261.0000
1523.0000
2490.0000
2560.0000
2415.0000
1510.0000
1616.0000
1249.0000
1299.0000
988.8000
1299.0000
1794.0000
2782.0000
1997.0000
2204.0000
1725.0000
2397.0000
1732.0000
1092.0000
954.8000
2882.0000
858.5000
1137.0000
2046.0000
1240.0000
1593.0000
3040.0000
2125.0000
1596.0000
2899.0000
2048.0000
1675.0000
1895.0000
1392.0000
2828.0000
2266.0000
2148.0000
2071.0000
2986.0000
2454.0000
2779.0000
3424.0000
3508.0000
1867.0000
1299.0000
1094.0000
1446.0000
1752.0000
2501.0000
2157.0000
3431.0000
5005.0000
3996.0000
4469.0000
2753.0000
1667.0000
1549.0000
1104.0000
1296.0000
1373.0000
3070.0000
3492.0000
3234.0000
2722.0000
4071.0000
2521.0000
2908.0000
1884.0000
1726.0000
2092.0000
1286.0000
1197.0000
2210.0000
2557.0000
3121.0000
5537.0000
2446.0000
2641.0000
3049.0000
1513.0000
987.9000
1726.0000
2187.0000
1543.0000
1435.0000
2737.0000
2285.0000
1691.0000
1647.0000
1928.0000
3851.0000
1729.0000
978.7000
942.3000
3625.0000
1511.0000
2212.0000
1600.0000
2127.0000
3675.0000
3747.0000
1813.0000
1564.0000
1143.0000
1042.0000
1291.0000
2350.0000
7189.0000
2696.0000
3622.0000
1775.0000
4208.0000
2379.0000
3097.0000
1649.0000
1261.0000
1603.0000
871.5000
689.8000
778.0000
1354.0000
2731.0000
3523.0000
5681.0000
3500.0000
2444.0000
2331.0000
2004.0000
1425.0000
3866.0000
2396.0000
4076.0000
2217.0000
2459.0000
1583.0000
3606.0000
4898.0000
2356.0000
1688.0000
1581.0000
994.8000
782.1000
1008.0000
888.3000
804.8000
721.9000
2421.0000
1494.0000
1797.0000
2911.0000
2081.0000
971.0000
554.2000
809.2000
664.1000
578.3000
941.9000
2343.0000
3087.0000
2327.0000
1743.0000
1617.0000
1560.0000
1447.0000
1061.0000
927.2000
1029.0000
1803.0000
2725.0000
1839.0000
4556.0000
5330.0000
5542.0000
2946.0000
1880.0000
1188.0000
926.1000
786.6000
1528.0000
1564.0000
3256.0000
1674.0000
3460.0000
3118.0000
3414.0000
3682.0000
1872.0000
1779.0000
1397.0000
779.0000
851.4000
1135.0000
1085.0000
1263.0000
2545.0000
1449.0000
1378.0000
1392.0000
1068.0000
878.7000
1458.0000
658.9000
695.5000
3519.0000
1878.0000
1182.0000
2125.0000
1799.0000
1029.0000
1644.0000
1020.0000
620.1000
725.3000
1053.0000
619.0000
1255.0000
2791.0000
1945.0000
2326.0000
4909.0000
6345.0000
2602.0000
1762.0000
1590.0000
862.2000
1078.0000
719.9000
1202.0000
1592.0000
1486.0000
1537.0000
957.5000
1537.0000
1056.0000
613.5000
534.4000
453.3000
753.5000
531.9000
977.5000
734.8000
1248.0000
1331.0000
1637.0000
1272.0000
2433.0000
1960.0000
3805.0000
1701.0000
4827.0000
3502.0000
2903.0000
1747.0000
3040.0000
3738.0000
3374.0000
2087.0000
2480.0000
1411.0000
1273.0000
1094.0000
844.4000
3543.0000
1524.0000
1766.0000
2510.0000
2641.0000
3684.0000
2820.0000
2583.0000
1812.0000
1325.0000
1032.0000
816.5000
671.9000
1006.0000
1626.0000
2177.0000
1701.0000
2316.0000
3164.0000
2852.0000
5280.0000
1723.0000
1278.0000
1143.0000
1462.0000
3447.0000
2955.0000
3055.0000
2449.0000
5827.0000
4141.0000
2949.0000
1488.0000
1023.0000
888.0000
923.2000
673.8000
968.5000
1851.0000
2529.0000
3803.0000
3710.0000
3255.0000
2039.0000
1450.0000
1480.0000
3822.0000
1343.0000
1119.0000
1025.0000
1443.0000
5744.0000
2925.0000
2893.0000
1517.0000
1939.0000
2435.0000
1385.0000
935.1000
1051.0000
2344.0000
1787.0000
1354.0000
4274.0000
3474.0000
2485.0000
2082.0000
2296.0000
2169.0000
1171.0000
2584.0000
1493.0000
1144.0000
2274.0000
3271.0000
2229.0000
2517.0000
3997.0000
2640.0000
2335.0000
2613.0000
1268.0000
729.5000
694.5000
662.6000
746.0000
871.9000
3071.0000
5566.0000
4099.0000
4285.0000
4465.0000
2716.0000
1176.0000
1144.0000
669.2000
721.5000
639.0000
954.3000
1906.0000
1407.0000
1930.0000
1336.0000
1650.0000
785.4000
971.6000
660.8000
619.1000
630.7000
1071.0000
1057.0000
856.4000
1702.0000
1804.0000
2474.0000
1230.0000
866.0000
792.3000
1029.0000
685.8000
413.5000
609.6000
618.5000
920.9000
1093.0000
1878.0000
1589.0000
1401.0000
994.0000
1614.0000
1166.0000
655.4000
549.0000
526.1000
803.7000
1291.0000
992.8000
1923.0000
1506.0000
1147.0000
673.0000
702.5000
424.4000
900.4000
988.6000
2026.0000
2193.0000
1560.0000
3630.0000
3013.0000
4705.0000
2286.0000
3557.0000
2926.0000
2435.0000
1544.0000
1117.0000
3494.0000
2819.0000
1784.0000
2668.0000
2025.0000
2545.0000
1353.0000
2326.0000
1165.0000
844.9000
5632.0000
2270.0000
2348.0000
2472.0000
2439.0000
2167.0000
3248.0000
3336.0000
2053.0000
1985.0000
1660.0000
1019.0000
654.1000
983.9000
1260.0000
1752.0000
2154.0000
1650.0000
1187.0000
1905.0000
1455.0000
1896.0000
1350.0000
817.8000
1725.0000
1343.0000
2540.0000
1670.0000
2858.0000
1439.0000
2631.0000
2045.0000
1162.0000
935.1000
943.9000
511.4000
486.0000
1047.0000
624.8000
943.8000
988.8000
1365.0000
2321.0000
1553.0000
1145.0000
688.7000
624.4000
898.0000
897.2000
741.8000
805.7000
1591.0000
2210.0000
1135.0000
1737.0000
1883.0000
2934.0000
2468.0000
1098.0000
1178.0000
1341.0000
1346.0000
2319.0000
3681.0000
3988.0000
2508.0000
4226.0000
2418.0000
2015.0000
1226.0000
855.5000
1183.0000
686.2000
620.1000
621.7000
1683.0000
1293.0000
1437.0000
4324.0000
4143.0000
2759.0000
1309.0000
1064.0000
741.2000
1699.0000
1170.0000
1770.0000
2965.0000
2923.0000
2231.0000
2432.0000
2735.0000
2581.0000
1230.0000
1197.0000
894.8000
1259.0000
1207.0000
868.6000
1235.0000
4368.0000
2975.0000
2867.0000
3527.0000
5120.0000
3403.0000
7529.0000
3892.0000
1970.0000
1500.0000
1431.0000
2976.0000
2258.0000
2500.0000
1816.0000
1845.0000
1797.0000
1121.0000
943.6000
952.7000
1192.0000
1822.0000
1424.0000
1668.0000
1443.0000
1241.0000
2174.0000
3691.0000
1536.0000
1227.0000
1219.0000
824.4000
1541.0000
3129.0000
3772.0000
4449.0000
2705.0000
4747.0000
2563.0000
1720.0000
2054.0000
1590.0000
998.2000
1252.0000
673.5000
823.3000
654.1000
908.8000
1681.0000
1105.0000
1206.0000
3482.0000
4003.0000
2269.0000
1192.0000
982.5000
985.3000
2260.0000
1479.0000
1033.0000
1740.0000
2734.0000
2331.0000
4080.0000
4455.0000
2637.0000
1492.0000
2033.0000
3896.0000
4213.0000
3251.0000
5745.0000
4301.0000
5696.0000
3484.0000
4350.0000
2695.0000
4350.0000
2204.0000
1520.0000
902.5000
1485.0000
1665.0000
2447.0000
2998.0000
5180.0000
3287.0000
4437.0000
7398.0000
3494.0000
2099.0000
2820.0000
2735.0000
3115.0000
3827.0000
2878.0000
2821.0000
3488.0000
3295.0000
3047.0000
1797.0000
1510.0000
1405.0000
1414.0000
973.3000
1481.0000
1061.0000
751.0000
