577.0000
914.8000
1099.0000
740.0000
223.8000
191.2000
27.8000
21.5000
13.5000
11.8000
20.7000
114.8000
444.4000
764.4000
1232.0000
1815.0000
1305.0000
570.1000
278.4000
599.1000
236.6000
99.7000
59.4000
772.4000
1517.0000
2069.0000
2358.0000
1096.0000
1353.0000
266.1000
1131.0000
75.1000
35.0000
254.9000
1066.0000
903.7000
1229.0000
1866.0000
2021.0000
1758.0000
1414.0000
257.1000
681.5000
549.7000
127.6000
39.1000
130.8000
634.0000
925.2000
273.5000
2609.0000
840.1000
409.2000
148.9000
40.6000
56.5000
234.1000
235.6000
871.2000
1317.0000
2096.0000
1550.0000
2352.0000
1678.0000
1439.0000
368.0000
978.1000
1041.0000
749.5000
90.0000
572.0000
1152.0000
1933.0000
2539.0000
3410.0000
1580.0000
386.3000
275.7000
359.5000
94.6000
47.5000
437.0000
335.7000
1790.0000
3166.0000
1398.0000
884.6000
1239.0000
776.4000
305.1000
170.5000
320.7000
421.9000
2039.0000
453.0000
797.6000
880.6000
988.5000
1045.0000
611.6000
1565.0000
715.0000
368.3000
310.0000
101.3000
46.6000
222.9000
536.0000
1605.0000
3236.0000
1634.0000
1417.0000
568.5000
247.2000
1135.0000
267.4000
58.6000
60.2000
88.7000
209.4000
186.3000
1186.0000
1206.0000
1973.0000
1265.0000
2107.0000
682.8000
474.3000
237.3000
89.4000
381.4000
641.8000
770.0000
407.0000
1035.0000
1062.0000
284.9000
381.1000
527.0000
194.2000
123.5000
39.2000
147.1000
695.3000
653.7000
1180.0000
1603.0000
626.4000
2138.0000
375.0000
138.4000
2000.0000
360.2000
874.5000
848.0000
1901.0000
1585.0000
1475.0000
2240.0000
1446.0000
1014.0000
518.8000
656.9000
215.8000
70.4000
45.3000
215.8000
190.1000
757.0000
1675.0000
2274.0000
1449.0000
1362.0000
343.7000
66.5000
50.3000
69.6000
226.9000
297.0000
1044.0000
1124.0000
2121.0000
1937.0000
773.6000
1027.0000
352.7000
434.5000
213.5000
676.2000
116.4000
977.2000
694.4000
1947.0000
1374.0000
1481.0000
716.5000
1252.0000
464.3000
275.3000
56.5000
20.4000
62.7000
67.0000
213.0000
1513.0000
434.7000
1866.0000
1303.0000
733.3000
482.8000
181.1000
179.2000
209.1000
122.3000
838.0000
543.3000
370.0000
2090.0000
2134.0000
2166.0000
1357.0000
509.1000
313.7000
894.0000
256.6000
485.5000
1264.0000
2335.0000
2168.0000
1672.0000
1189.0000
1500.0000
951.9000
576.2000
1151.0000
313.4000
131.4000
364.3000
986.6000
1913.0000
1469.0000
1906.0000
1787.0000
678.8000
1356.0000
616.3000
211.4000
197.8000
1255.0000
328.9000
769.6000
1737.0000
1253.0000
2255.0000
1756.0000
1921.0000
669.1000
1120.0000
203.9000
70.5000
57.3000
27.2000
243.7000
1173.0000
3120.0000
1008.0000
1980.0000
1371.0000
1332.0000
194.2000
96.8000
122.3000
58.2000
36.5000
93.7000
450.9000
1708.0000
2060.0000
1870.0000
1206.0000
921.7000
407.1000
115.2000
27.1000
13.8000
13.4000
34.4000
251.5000
1027.0000
629.4000
2203.0000
1229.0000
726.1000
567.7000
939.8000
363.9000
141.2000
1179.0000
813.4000
1621.0000
781.1000
2560.0000
3387.0000
557.1000
604.5000
252.6000
79.8000
143.3000
57.4000
47.3000
141.6000
218.8000
191.8000
2509.0000
1806.0000
1253.0000
700.4000
816.7000
325.0000
505.3000
161.9000
210.3000
462.5000
1152.0000
2152.0000
2211.0000
971.1000
1839.0000
337.8000
698.7000
277.9000
47.8000
87.8000
274.4000
470.8000
1805.0000
864.2000
1045.0000
1533.0000
3097.0000
1658.0000
199.8000
449.8000
717.2000
131.0000
61.4000
118.0000
204.0000
892.6000
812.0000
1369.0000
1922.0000
1187.0000
854.6000
96.8000
110.1000
29.9000
377.1000
835.3000
1467.0000
1479.0000
1045.0000
1673.0000
2101.0000
1181.0000
486.2000
172.2000
90.3000
499.3000
93.3000
219.4000
129.7000
512.5000
3173.0000
1913.0000
1836.0000
1602.0000
719.5000
389.2000
421.9000
118.7000
715.6000
898.8000
1733.0000
1378.0000
1878.0000
2477.0000
1572.0000
289.9000
190.5000
86.5000
44.8000
26.3000
85.5000
962.3000
290.2000
1147.0000
503.1000
4672.0000
508.2000
597.3000
321.0000
126.3000
98.2000
45.5000
27.1000
331.3000
369.6000
1376.0000
705.1000
3338.0000
1528.0000
370.5000
87.2000
44.6000
59.7000
114.8000
224.4000
188.0000
1069.0000
1840.0000
1432.0000
1660.0000
2174.0000
600.5000
90.2000
62.9000
34.6000
203.6000
382.4000
140.2000
173.0000
537.3000
1832.0000
1301.0000
1639.0000
1088.0000
198.8000
52.6000
122.7000
396.5000
723.8000
755.5000
914.7000
1296.0000
752.9000
3807.0000
922.5000
2208.0000
371.9000
238.1000
228.5000
218.9000
551.1000
413.3000
1929.0000
850.5000
955.5000
2178.0000
984.8000
1161.0000
548.5000
54.5000
42.5000
17.2000
109.8000
443.9000
676.8000
677.5000
692.0000
1003.0000
1150.0000
739.8000
161.4000
205.0000
912.3000
214.1000
79.0000
245.7000
1447.0000
1117.0000
1342.0000
1803.0000
1993.0000
386.3000
113.3000
369.1000
137.0000
60.1000
135.8000
995.7000
1497.0000
1380.0000
3270.0000
1570.0000
716.6000
1040.0000
524.2000
126.4000
199.4000
473.5000
245.8000
358.0000
1437.0000
1438.0000
2005.0000
1907.0000
2006.0000
1352.0000
1360.0000
1333.0000
455.3000
69.8000
688.7000
2379.0000
2811.0000
965.8000
1663.0000
2219.0000
2764.0000
1343.0000
684.1000
183.8000
115.7000
56.5000
215.3000
847.6000
2572.0000
2473.0000
916.0000
1616.0000
1046.0000
1266.0000
1617.0000
223.5000
139.7000
181.4000
249.6000
326.3000
1425.0000
1725.0000
1984.0000
2420.0000
1239.0000
1634.0000
686.3000
185.3000
93.0000
758.2000
796.5000
793.3000
727.6000
1838.0000
1343.0000
975.3000
553.8000
299.9000
332.8000
281.6000
74.5000
78.4000
2626.0000
766.5000
871.5000
176.9000
1303.0000
1909.0000
1623.0000
302.3000
148.5000
200.5000
212.2000
162.4000
617.5000
941.8000
1912.0000
2009.0000
353.3000
3254.0000
679.6000
1208.0000
323.6000
437.1000
601.0000
68.3000
35.5000
102.4000
1826.0000
2468.0000
2059.0000
2154.0000
1078.0000
1459.0000
938.4000
292.9000
415.7000
871.1000
1232.0000
1375.0000
720.5000
1198.0000
828.3000
2359.0000
1921.0000
1383.0000
319.2000
284.4000
247.5000
67.9000
52.8000
299.5000
362.8000
101.4000
1596.0000
847.4000
1085.0000
1763.0000
1637.0000
365.8000
103.2000
111.5000
357.0000
224.1000
856.8000
1304.0000
2923.0000
2901.0000
1107.0000
442.6000
1702.0000
303.3000
342.0000
99.8000
182.2000
933.5000
1402.0000
450.4000
1316.0000
1722.0000
2266.0000
1658.0000
472.6000
185.8000
50.6000
28.3000
429.2000
1126.0000
1751.0000
510.7000
2595.0000
2233.0000
2220.0000
1007.0000
164.1000
568.4000
1952.0000
167.7000
319.0000
1062.0000
1507.0000
865.7000
1912.0000
1565.0000
733.5000
1690.0000
344.6000
140.0000
168.5000
55.0000
131.3000
3602.0000
999.7000
490.9000
1671.0000
1605.0000
560.5000
756.2000
322.4000
665.2000
105.2000
116.1000
120.7000
1009.0000
1563.0000
980.7000
887.8000
1983.0000
2924.0000
755.8000
276.8000
84.4000
31.7000
279.3000
122.7000
564.7000
1411.0000
1300.0000
651.9000
763.6000
608.2000
958.1000
96.0000
49.3000
31.4000
92.0000
69.6000
486.8000
452.5000
1188.0000
1177.0000
1697.0000
1785.0000
2274.0000
1069.0000
360.5000
1135.0000
500.4000
966.8000
1028.0000
446.2000
2013.0000
1586.0000
989.3000
1045.0000
1590.0000
432.9000
464.4000
364.8000
126.6000
987.2000
484.3000
1836.0000
1975.0000
1164.0000
2485.0000
1101.0000
327.9000
67.9000
141.2000
175.5000
92.5000
38.4000
165.7000
1754.0000
644.7000
1568.0000
1830.0000
1473.0000
914.0000
656.9000
300.7000
143.4000
122.3000
45.6000
336.8000
1359.0000
987.4000
450.1000
3703.0000
1849.0000
551.0000
161.9000
41.7000
30.4000
206.0000
160.4000
1206.0000
1511.0000
2250.0000
3431.0000
3262.0000
1287.0000
1634.0000
171.0000
652.4000
559.3000
69.4000
37.3000
94.5000
382.7000
2060.0000
1099.0000
1161.0000
647.9000
1612.0000
830.0000
168.3000
55.5000
26.2000
117.6000
583.8000
786.0000
3542.0000
1743.0000
1909.0000
839.3000
3219.0000
663.3000
800.7000
1458.0000
1149.0000
434.3000
1741.0000
2171.0000
1168.0000
1254.0000
2551.0000
787.6000
899.1000
568.0000
179.2000
149.3000
47.5000
66.6000
735.6000
629.3000
2370.0000
2185.0000
2509.0000
1487.0000
956.8000
964.4000
281.8000
95.3000
67.3000
71.5000
78.4000
126.8000
1811.0000
855.6000
1686.0000
661.2000
489.9000
83.1000
36.9000
45.8000
59.7000
184.1000
398.5000
930.0000
426.5000
2023.0000
1414.0000
1503.0000
667.4000
541.3000
210.4000
536.2000
591.8000
164.9000
216.8000
742.0000
807.9000
1202.0000
1293.0000
1121.0000
1638.0000
538.4000
525.2000
337.8000
61.5000
48.3000
65.3000
164.7000
373.6000
361.5000
1336.0000
2728.0000
1888.0000
213.8000
555.4000
153.4000
174.0000
926.3000
1910.0000
1646.0000
1137.0000
1779.0000
2757.0000
1926.0000
2402.0000
2313.0000
358.1000
398.3000
1380.0000
627.9000
2605.0000
1522.0000
898.4000
1491.0000
2170.0000
2291.0000
1695.0000
607.3000
148.5000
152.0000
679.2000
428.1000
1235.0000
1680.0000
970.9000
1011.0000
2251.0000
1474.0000
1157.0000
178.8000
450.3000
250.7000
61.9000
65.0000
584.1000
912.5000
1780.0000
695.0000
536.1000
1641.0000
381.9000
1041.0000
706.2000
79.1000
151.1000
877.8000
1230.0000
629.2000
1398.0000
653.6000
3130.0000
1922.0000
728.6000
420.4000
171.9000
105.4000
74.2000
173.9000
386.5000
1680.0000
1385.0000
1625.0000
2200.0000
1426.0000
2210.0000
342.1000
157.3000
59.9000
34.5000
46.0000
122.7000
1282.0000
1242.0000
782.9000
944.7000
1301.0000
2004.0000
481.4000
129.9000
221.4000
162.3000
660.3000
514.5000
1793.0000
2416.0000
548.7000
2565.0000
492.5000
1604.0000
318.6000
84.4000
120.0000
47.5000
214.2000
223.1000
683.5000
464.7000
1308.0000
2956.0000
3275.0000
1343.0000
185.1000
66.9000
36.0000
195.2000
278.9000
993.5000
1697.0000
1347.0000
950.1000
2233.0000
508.8000
1059.0000
132.1000
74.7000
135.0000
237.1000
143.3000
358.5000
538.7000
2002.0000
966.0000
1392.0000
1444.0000
1325.0000
816.5000
196.0000
423.3000
170.8000
99.8000
488.7000
2623.0000
779.9000
1812.0000
1366.0000
1136.0000
1524.0000
154.9000
57.5000
54.9000
37.7000
235.6000
289.2000
1438.0000
857.9000
823.9000
3775.0000
3019.0000
384.3000
709.8000
717.4000
111.0000
71.2000
182.8000
499.6000
1643.0000
760.7000
2692.0000
869.8000
705.9000
1761.0000
1284.0000
369.6000
121.3000
280.0000
568.1000
264.0000
1484.0000
2013.0000
525.5000
1087.0000
1499.0000
1886.0000
353.0000
208.4000
181.6000
67.9000
365.4000
460.3000
351.9000
919.3000
2685.0000
1793.0000
2237.0000
2151.0000
1002.0000
315.6000
849.9000
1573.0000
1133.0000
2040.0000
2137.0000
1919.0000
2513.0000
1303.0000
1350.0000
717.9000
339.5000
302.1000
107.6000
47.6000
173.0000
357.1000
1187.0000
1297.0000
1927.0000
1594.0000
2191.0000
1532.0000
1673.0000
163.4000
635.7000
543.4000
216.3000
794.7000
1629.0000
1127.0000
1490.0000
2189.0000
1493.0000
592.4000
665.3000
105.8000
68.1000
590.0000
118.5000
187.6000
152.8000
