1405.0000
2773.0000
1236.0000
1800.0000
1887.0000
1009.0000
1737.0000
2497.0000
798.0000
711.4000
1179.0000
1136.0000
1967.0000
2168.0000
2808.0000
2211.0000
1902.0000
1343.0000
1477.0000
736.1000
464.9000
601.0000
383.4000
1347.0000
1827.0000
2563.0000
2890.0000
1349.0000
2505.0000
1328.0000
1474.0000
1288.0000
637.0000
418.7000
421.4000
979.9000
2534.0000
1177.0000
2486.0000
1961.0000
2264.0000
1009.0000
984.5000
739.2000
1181.0000
724.6000
561.9000
1280.0000
1782.0000
1277.0000
857.6000
904.8000
1059.0000
580.3000
458.8000
182.3000
186.5000
433.2000
789.7000
546.0000
1279.0000
1537.0000
1494.0000
1425.0000
815.7000
482.4000
661.9000
778.3000
498.4000
442.8000
1270.0000
2014.0000
1274.0000
2625.0000
2132.0000
1863.0000
1269.0000
1946.0000
836.2000
756.1000
565.8000
550.4000
923.6000
2176.0000
1421.0000
1212.0000
1600.0000
2217.0000
2975.0000
1956.0000
1369.0000
2709.0000
2648.0000
1752.0000
1078.0000
870.7000
1455.0000
1893.0000
4173.0000
1721.0000
2921.0000
1682.0000
1250.0000
851.9000
1353.0000
2630.0000
1910.0000
1374.0000
1365.0000
1297.0000
1843.0000
1197.0000
1044.0000
690.6000
413.6000
412.2000
533.2000
348.5000
610.1000
805.3000
1021.0000
749.4000
909.1000
2681.0000
1364.0000
856.1000
999.1000
1326.0000
785.8000
350.0000
354.6000
1208.0000
1902.0000
2729.0000
1846.0000
1741.0000
1763.0000
749.9000
526.8000
423.7000
351.1000
1234.0000
1336.0000
2669.0000
2083.0000
3019.0000
1521.0000
1810.0000
2343.0000
846.8000
936.3000
856.4000
771.9000
393.4000
412.0000
434.4000
613.6000
790.1000
2665.0000
1775.0000
765.4000
1050.0000
1691.0000
960.1000
651.0000
951.7000
1144.0000
1457.0000
2672.0000
1483.0000
4258.0000
2506.0000
1510.0000
966.1000
1147.0000
1050.0000
936.8000
489.5000
1039.0000
714.8000
3661.0000
2539.0000
3542.0000
3327.0000
1010.0000
628.5000
592.4000
700.2000
772.2000
1913.0000
779.4000
1215.0000
3765.0000
2176.0000
1364.0000
1292.0000
1182.0000
719.4000
608.1000
930.8000
958.4000
1512.0000
1007.0000
1163.0000
1430.0000
1941.0000
2331.0000
1221.0000
1111.0000
996.9000
1761.0000
1168.0000
537.6000
370.9000
1170.0000
850.2000
1415.0000
3223.0000
1983.0000
1363.0000
885.2000
851.9000
802.6000
797.9000
384.7000
322.7000
294.2000
352.5000
382.2000
935.3000
1396.0000
1875.0000
800.8000
772.1000
1055.0000
4876.0000
1332.0000
616.2000
674.1000
904.8000
975.1000
635.2000
1149.0000
1145.0000
597.4000
438.6000
1806.0000
539.1000
360.8000
251.8000
335.7000
606.7000
552.9000
1111.0000
2139.0000
797.9000
1586.0000
1572.0000
848.1000
976.4000
1012.0000
679.2000
601.2000
2004.0000
1965.0000
2213.0000
1924.0000
1704.0000
1423.0000
951.1000
1404.0000
710.5000
447.5000
346.0000
470.9000
502.2000
886.6000
2400.0000
2445.0000
1833.0000
1011.0000
614.4000
475.5000
420.3000
546.5000
1204.0000
798.9000
1229.0000
1726.0000
2122.0000
1945.0000
1784.0000
2004.0000
1060.0000
851.9000
890.2000
1413.0000
992.1000
1071.0000
1624.0000
3216.0000
2551.0000
2350.0000
1848.0000
1937.0000
874.1000
743.5000
563.2000
381.8000
936.3000
630.7000
599.5000
2735.0000
999.8000
1688.0000
1570.0000
801.4000
811.9000
668.7000
915.5000
579.8000
1402.0000
2369.0000
917.3000
875.3000
2885.0000
2059.0000
1939.0000
862.7000
739.2000
978.3000
838.8000
866.7000
520.3000
1566.0000
2062.0000
1643.0000
1972.0000
1743.0000
2131.0000
2197.0000
1949.0000
2525.0000
2147.0000
1245.0000
1119.0000
1739.0000
1440.0000
2035.0000
2656.0000
2447.0000
1396.0000
1618.0000
1407.0000
840.0000
592.1000
2363.0000
956.5000
693.6000
1974.0000
1136.0000
1448.0000
2131.0000
2288.0000
1051.0000
1226.0000
1097.0000
520.4000
416.3000
326.5000
873.0000
1771.0000
1827.0000
1845.0000
2636.0000
1729.0000
1079.0000
597.8000
364.6000
386.5000
395.1000
261.4000
494.9000
629.9000
1705.0000
2507.0000
2160.0000
1263.0000
1209.0000
587.3000
512.3000
333.3000
351.0000
246.3000
314.3000
742.3000
2499.0000
1160.0000
2333.0000
1898.0000
1579.0000
665.0000
455.1000
342.7000
234.1000
258.0000
447.7000
832.3000
677.4000
1850.0000
2992.0000
2082.0000
1104.0000
646.9000
715.9000
1056.0000
394.0000
397.7000
489.8000
522.7000
521.5000
2690.0000
2004.0000
2619.0000
1139.0000
543.7000
903.6000
291.2000
579.8000
599.7000
702.0000
1008.0000
1939.0000
4494.0000
1677.0000
3727.0000
1403.0000
2051.0000
818.3000
523.7000
877.2000
912.3000
2235.0000
2639.0000
1483.0000
2449.0000
2014.0000
2867.0000
2871.0000
1057.0000
912.1000
844.5000
395.0000
416.4000
472.8000
909.0000
1582.0000
1445.0000
1478.0000
2665.0000
1379.0000
1058.0000
716.2000
784.9000
1267.0000
1846.0000
1167.0000
1963.0000
1767.0000
3060.0000
2592.0000
2872.0000
1197.0000
898.5000
1308.0000
984.8000
641.6000
715.4000
562.8000
641.5000
994.5000
2412.0000
2021.0000
2181.0000
1632.0000
1185.0000
815.3000
1516.0000
760.8000
578.8000
1230.0000
3073.0000
2675.0000
2908.0000
3005.0000
2499.0000
1026.0000
1235.0000
1135.0000
735.3000
543.9000
714.6000
1380.0000
1297.0000
1178.0000
1123.0000
5102.0000
1144.0000
1722.0000
996.3000
701.0000
513.9000
361.2000
297.4000
540.4000
675.0000
1715.0000
1479.0000
2984.0000
2150.0000
1118.0000
526.7000
620.1000
928.8000
853.9000
2550.0000
1254.0000
1648.0000
1646.0000
1864.0000
3181.0000
2563.0000
1396.0000
982.2000
752.6000
506.0000
482.1000
790.6000
489.8000
407.7000
500.8000
2894.0000
1412.0000
1094.0000
1657.0000
704.6000
711.1000
998.2000
1048.0000
1110.0000
1756.0000
1593.0000
1350.0000
1775.0000
2147.0000
935.5000
1998.0000
1578.0000
1275.0000
1182.0000
711.5000
730.9000
935.1000
1769.0000
2254.0000
1113.0000
2089.0000
1951.0000
971.2000
1522.0000
605.3000
671.2000
349.8000
971.4000
801.8000
883.6000
1156.0000
2125.0000
2085.0000
2019.0000
1020.0000
1065.0000
666.2000
596.1000
569.7000
684.0000
1073.0000
1240.0000
1380.0000
1603.0000
1195.0000
2054.0000
1143.0000
643.4000
604.8000
783.8000
397.7000
1048.0000
1334.0000
808.2000
1272.0000
2415.0000
1981.0000
1384.0000
1492.0000
985.7000
1189.0000
1540.0000
670.4000
1593.0000
1583.0000
1651.0000
2131.0000
2121.0000
2003.0000
2591.0000
2178.0000
2289.0000
1063.0000
648.7000
468.2000
875.0000
1101.0000
1983.0000
1447.0000
2002.0000
3631.0000
2576.0000
2444.0000
1727.0000
947.6000
893.5000
671.8000
725.2000
1002.0000
2219.0000
2902.0000
2781.0000
2548.0000
3550.0000
2012.0000
1908.0000
1279.0000
1146.0000
1390.0000
715.6000
1104.0000
1981.0000
2337.0000
2686.0000
4775.0000
1920.0000
1572.0000
1408.0000
833.4000
624.6000
1267.0000
1168.0000
1142.0000
915.9000
2003.0000
1750.0000
1244.0000
1304.0000
2210.0000
1874.0000
1106.0000
539.8000
592.1000
1588.0000
753.0000
1586.0000
979.5000
1285.0000
2988.0000
3256.0000
1420.0000
1829.0000
845.9000
800.0000
1396.0000
1236.0000
4720.0000
1778.0000
2715.0000
1286.0000
3001.0000
1795.0000
2273.0000
1100.0000
550.1000
1430.0000
654.8000
380.4000
485.5000
1295.0000
2645.0000
2667.0000
4029.0000
3132.0000
1772.0000
1530.0000
1930.0000
790.4000
2596.0000
1410.0000
3406.0000
1390.0000
1788.0000
1273.0000
3158.0000
2960.0000
1483.0000
1106.0000
806.7000
464.4000
462.4000
562.7000
570.2000
549.4000
439.1000
1796.0000
1283.0000
1617.0000
1748.0000
1382.0000
780.7000
395.5000
352.9000
319.9000
346.7000
665.3000
2070.0000
2675.0000
1840.0000
1190.0000
1053.0000
764.5000
878.4000
851.2000
689.3000
646.8000
1115.0000
1976.0000
1261.0000
2745.0000
3660.0000
4169.0000
2798.0000
1541.0000
826.4000
470.9000
447.5000
719.0000
972.7000
2303.0000
1098.0000
2676.0000
2298.0000
2208.0000
3171.0000
1034.0000
1284.0000
806.0000
369.5000
364.5000
596.4000
623.9000
741.8000
2161.0000
921.1000
1148.0000
1102.0000
879.7000
775.2000
1359.0000
465.9000
403.8000
2151.0000
1241.0000
702.7000
1375.0000
1503.0000
698.5000
677.3000
444.7000
398.2000
421.0000
570.0000
406.0000
794.4000
1608.0000
1262.0000
1775.0000
2499.0000
3651.0000
1170.0000
868.9000
644.7000
298.0000
800.9000
321.3000
659.3000
899.7000
1042.0000
983.3000
649.1000
1621.0000
783.5000
375.5000
350.8000
262.5000
413.0000
360.5000
604.7000
470.4000
1382.0000
1508.0000
2287.0000
1598.0000
2425.0000
1467.0000
1365.0000
897.5000
2137.0000
1889.0000
1670.0000
1530.0000
2469.0000
3834.0000
3670.0000
1536.0000
2240.0000
989.9000
776.3000
1249.0000
667.9000
1813.0000
1027.0000
1579.0000
1706.0000
2522.0000
3570.0000
2605.0000
1412.0000
1185.0000
932.4000
958.7000
578.2000
369.5000
694.4000
1456.0000
1611.0000
1277.0000
1986.0000
2192.0000
2832.0000
3196.0000
989.5000
1159.0000
821.5000
1018.0000
1930.0000
2337.0000
2135.0000
1695.0000
3880.0000
2872.0000
1795.0000
828.6000
600.8000
462.4000
458.8000
334.0000
561.8000
1458.0000
2195.0000
3023.0000
3428.0000
3445.0000
1366.0000
1389.0000
1057.0000
2295.0000
951.8000
924.0000
716.3000
1004.0000
4020.0000
2792.0000
2707.0000
1020.0000
1598.0000
2048.0000
1063.0000
1180.0000
727.1000
1896.0000
1338.0000
1054.0000
3561.0000
2789.0000
2080.0000
1926.0000
1710.0000
1143.0000
628.2000
1074.0000
814.3000
630.5000
1198.0000
1918.0000
1639.0000
1771.0000
3539.0000
2083.0000
1597.0000
1424.0000
918.7000
472.1000
446.8000
454.7000
497.5000
692.8000
3226.0000
4390.0000
2885.0000
3599.0000
2334.0000
1344.0000
776.9000
578.5000
298.4000
295.0000
310.8000
753.9000
1703.0000
1253.0000
1853.0000
888.2000
1466.0000
686.3000
1305.0000
418.9000
293.8000
414.6000
1017.0000
756.5000
917.2000
1720.0000
1703.0000
2356.0000
1251.0000
925.5000
807.8000
885.4000
430.8000
279.4000
420.7000
460.8000
802.6000
1121.0000
1810.0000
1481.0000
586.3000
604.8000
1022.0000
1631.0000
724.5000
384.2000
340.9000
676.2000
1874.0000
924.4000
1908.0000
1330.0000
865.7000
549.7000
439.6000
233.5000
533.2000
612.5000
1371.0000
1791.0000
1178.0000
2811.0000
2224.0000
3371.0000
2425.0000
1650.0000
1423.0000
1370.0000
904.2000
668.5000
1872.0000
1615.0000
1095.0000
1821.0000
1507.0000
1895.0000
1052.0000
1321.0000
1035.0000
663.5000
6170.0000
1250.0000
1598.0000
1872.0000
1484.0000
1484.0000
2049.0000
2728.0000
1550.0000
1875.0000
2057.0000
1514.0000
797.8000
831.8000
939.2000
1220.0000
2086.0000
1585.0000
1268.0000
2527.0000
1471.0000
1304.0000
754.0000
638.2000
1393.0000
817.1000
1610.0000
1058.0000
1898.0000
891.2000
1528.0000
1023.0000
826.7000
539.4000
681.3000
422.0000
275.8000
326.6000
311.2000
530.7000
615.5000
1121.0000
1884.0000
951.7000
649.4000
436.6000
373.0000
726.2000
567.4000
357.3000
436.8000
1394.0000
1687.0000
825.3000
1379.0000
1645.0000
2766.0000
1396.0000
585.3000
702.5000
1183.0000
1172.0000
2299.0000
2780.0000
2746.0000
2403.0000
2633.0000
1653.0000
1188.0000
693.9000
442.5000
613.4000
351.2000
415.2000
409.4000
1407.0000
1107.0000
1339.0000
3007.0000
2996.0000
1226.0000
1062.0000
822.6000
447.1000
657.6000
540.7000
1239.0000
2428.0000
2135.0000
1410.0000
1714.0000
2176.0000
1920.0000
1023.0000
1244.0000
893.1000
1196.0000
945.6000
857.0000
1265.0000
4400.0000
2649.0000
2775.0000
3050.0000
4105.0000
1872.0000
5242.0000
1592.0000
920.3000
662.2000
913.6000
2355.0000
1708.0000
2051.0000
1334.0000
1756.0000
1365.0000
886.2000
1031.0000
624.0000
818.5000
1383.0000
1004.0000
1187.0000
1230.0000
1136.0000
1739.0000
2409.0000
1038.0000
720.8000
767.5000
407.2000
784.0000
1688.0000
2177.0000
3909.0000
1815.0000
3434.0000
1524.0000
1024.0000
1358.0000
629.4000
437.8000
808.9000
326.5000
283.8000
291.6000
725.0000
1343.0000
764.5000
1530.0000
2458.0000
2991.0000
1094.0000
839.2000
752.7000
958.7000
1926.0000
1181.0000
1012.0000
1441.0000
2373.0000
2205.0000
3380.0000
3664.0000
2696.0000
1249.0000
1867.0000
2004.0000
2523.0000
2572.0000
4618.0000
3022.0000
3796.0000
2483.0000
3484.0000
1781.0000
2847.0000
1472.0000
853.0000
446.7000
840.7000
1238.0000
2356.0000
2524.0000
5232.0000
2906.0000
3732.0000
4248.0000
1524.0000
1135.0000
1569.0000
1721.0000
1755.0000
1940.0000
2082.0000
1821.0000
2906.0000
2988.0000
2130.0000
1289.0000
1153.0000
1220.0000
1592.0000
851.9000
1201.0000
738.8000
584.7000
