185.6000
95.3000
84.8000
165.7000
164.8000
48.3000
40.2000
47.4000
27.3000
52.9000
125.2000
184.4000
37.7000
75.8000
86.1000
59.4000
60.7000
37.3000
17.6000
10.2000
10.2000
9.1900
45.6000
48.7000
151.8000
111.9000
173.5000
107.3000
65.1000
46.9000
38.2000
9.9900
9.3600
11.8000
11.5000
14.8000
74.3000
73.1000
151.1000
75.1000
19.5000
6.7700
4.1000
3.9300
13.2000
17.3000
41.3000
44.1000
60.4000
133.6000
92.5000
151.5000
140.3000
83.2000
21.2000
12.9000
14.7000
20.0000
19.6000
46.0000
26.5000
51.8000
85.3000
197.4000
21.9000
63.5000
18.8000
7.7200
22.6000
10.7000
18.4000
59.0000
43.4000
94.3000
60.6000
69.7000
120.8000
94.2000
13.9000
5.9600
10.4000
19.2000
60.8000
65.8000
51.6000
73.6000
187.8000
104.9000
54.3000
72.9000
58.6000
30.2000
33.6000
60.4000
90.4000
160.5000
56.4000
32.5000
153.1000
113.8000
87.7000
34.6000
66.4000
88.1000
110.9000
32.5000
66.7000
107.9000
93.7000
80.2000
114.0000
216.6000
29.7000
26.2000
15.4000
9.5400
7.4200
57.9000
96.5000
74.3000
143.5000
84.9000
81.0000
48.6000
32.6000
175.5000
48.8000
37.1000
41.1000
54.3000
98.3000
52.7000
94.5000
21.0000
184.5000
135.5000
33.0000
16.1000
14.6000
9.4800
14.4000
24.6000
67.2000
106.9000
75.2000
125.7000
158.7000
87.7000
33.8000
23.2000
27.9000
16.9000
10.7000
20.0000
40.6000
87.6000
36.5000
70.1000
110.8000
81.7000
42.3000
59.5000
36.2000
31.3000
16.8000
34.4000
36.3000
59.3000
105.1000
33.8000
155.7000
60.2000
38.1000
29.1000
12.7000
11.3000
17.3000
70.3000
57.2000
110.6000
31.0000
60.0000
261.8000
251.6000
121.0000
31.6000
10.2000
32.3000
201.7000
99.6000
74.3000
109.7000
99.7000
42.4000
83.1000
47.2000
81.2000
20.0000
7.6800
7.3400
7.6800
12.1000
21.0000
94.8000
74.8000
45.6000
83.2000
92.4000
27.6000
21.6000
50.0000
56.7000
24.5000
26.0000
57.5000
83.7000
77.7000
39.1000
104.8000
127.3000
82.0000
61.4000
35.3000
16.8000
11.4000
14.9000
18.9000
67.8000
45.4000
15.7000
34.6000
192.4000
34.7000
76.7000
49.8000
11.7000
8.7900
10.3000
14.0000
27.1000
56.3000
123.2000
56.4000
60.8000
32.6000
7.6000
4.2800
7.8400
4.6700
11.7000
17.0000
48.1000
74.9000
93.2000
103.0000
171.7000
101.9000
48.0000
72.1000
20.3000
14.5000
53.9000
48.6000
28.6000
82.1000
85.3000
91.5000
74.3000
60.2000
22.3000
19.7000
33.5000
75.4000
92.1000
128.1000
142.7000
84.4000
87.7000
70.1000
87.8000
100.7000
62.1000
16.7000
24.9000
12.7000
55.8000
75.1000
104.2000
99.8000
101.3000
152.6000
135.6000
111.5000
16.5000
15.8000
8.5500
6.2200
11.5000
28.3000
123.5000
47.4000
34.7000
140.1000
108.6000
95.6000
46.9000
130.9000
126.0000
38.9000
152.1000
87.9000
78.7000
