206.0000
155.6000
396.9000
525.2000
586.6000
135.7000
61.6000
91.5000
75.2000
150.6000
199.7000
75.4000
66.9000
73.4000
139.4000
738.2000
289.5000
82.7000
37.2000
25.4000
89.2000
105.2000
114.9000
100.7000
127.9000
97.5000
706.9000
431.8000
366.9000
145.3000
186.9000
41.3000
164.2000
508.7000
309.4000
118.8000
187.9000
136.4000
598.0000
205.5000
192.7000
131.9000
113.5000
40.6000
34.1000
233.5000
343.5000
248.9000
288.6000
222.1000
234.8000
794.0000
473.6000
300.8000
256.5000
66.5000
44.1000
34.1000
113.9000
109.2000
62.1000
97.6000
489.2000
486.0000
231.9000
81.3000
106.9000
72.3000
25.8000
44.4000
265.8000
121.4000
319.0000
212.2000
375.0000
371.0000
138.0000
40.1000
28.9000
53.3000
147.2000
107.5000
174.0000
345.5000
308.7000
111.8000
171.3000
527.1000
154.1000
124.9000
42.0000
58.5000
70.8000
87.5000
284.8000
209.3000
214.4000
172.3000
336.3000
705.5000
138.5000
95.2000
97.3000
63.5000
126.0000
95.9000
261.3000
255.1000
210.2000
137.8000
180.0000
546.4000
210.1000
99.2000
126.8000
51.5000
50.3000
128.0000
187.8000
286.8000
185.8000
183.6000
457.7000
285.1000
331.8000
67.6000
50.4000
93.8000
60.0000
51.4000
91.3000
203.7000
128.2000
372.6000
325.4000
612.6000
280.4000
145.3000
44.3000
44.4000
82.9000
81.4000
185.6000
196.1000
123.3000
75.7000
337.9000
710.3000
144.9000
120.0000
36.5000
39.6000
33.9000
143.9000
182.8000
112.8000
54.1000
54.6000
111.1000
628.1000
383.7000
184.4000
126.9000
39.2000
137.5000
95.5000
141.9000
242.1000
169.1000
107.9000
236.4000
316.6000
224.2000
118.9000
122.8000
39.7000
76.8000
54.7000
150.3000
323.5000
119.8000
77.2000
103.7000
441.6000
215.4000
202.1000
116.7000
66.0000
275.2000
222.0000
160.6000
112.5000
181.7000
127.8000
146.8000
755.3000
223.1000
90.4000
58.1000
64.3000
60.8000
267.4000
365.8000
278.1000
159.1000
210.1000
100.7000
764.1000
171.0000
140.3000
70.4000
43.1000
46.4000
62.7000
114.5000
59.3000
45.1000
116.0000
219.2000
396.9000
184.4000
186.8000
77.1000
48.1000
79.7000
59.5000
171.9000
152.1000
158.8000
71.2000
143.4000
509.0000
159.6000
49.8000
38.3000
84.7000
64.2000
109.3000
122.0000
82.0000
54.3000
44.1000
151.2000
728.8000
247.9000
101.1000
36.3000
85.9000
30.5000
26.4000
81.3000
105.6000
131.2000
87.8000
280.3000
496.0000
191.4000
78.1000
36.9000
47.5000
23.1000
30.9000
122.0000
219.2000
117.9000
323.0000
105.5000
435.8000
160.3000
56.1000
31.0000
51.3000
79.2000
180.5000
277.2000
176.8000
134.5000
235.4000
318.1000
348.1000
203.1000
94.6000
26.3000
37.0000
34.5000
45.7000
74.8000
143.5000
114.4000
91.5000
97.8000
465.8000
269.5000
68.4000
85.3000
81.0000
74.4000
147.6000
317.2000
223.3000
86.1000
111.7000
321.6000
296.5000
221.3000
128.0000
83.0000
37.8000
69.7000
157.8000
326.6000
223.0000
162.9000
127.1000
148.1000
749.2000
396.4000
208.1000
91.3000
95.5000
44.6000
72.5000
169.8000
153.5000
83.0000
125.3000
95.5000
682.5000
202.9000
66.8000
98.0000
32.7000
120.5000
267.9000
188.0000
153.0000
93.1000
135.3000
167.4000
518.9000
711.9000
74.8000
56.5000
55.0000
79.6000
50.3000
133.4000
213.7000
171.9000
111.7000
174.4000
496.0000
448.4000
325.0000
138.3000
68.3000
36.6000
83.5000
271.3000
259.5000
277.5000
219.5000
444.6000
369.4000
309.5000
194.5000
87.2000
67.8000
79.7000
76.7000
201.3000
439.1000
215.2000
200.2000
248.4000
522.0000
403.5000
107.1000
90.1000
76.1000
63.6000
73.0000
321.3000
215.9000
177.9000
183.6000
252.5000
514.1000
313.5000
102.8000
73.6000
68.1000
295.7000
232.7000
314.1000
249.7000
249.0000
242.1000
553.0000
402.6000
444.9000
163.2000
132.0000
193.4000
161.2000
373.3000
178.8000
187.1000
96.9000
83.6000
578.0000
589.0000
139.8000
117.4000
70.6000
192.1000
232.6000
379.5000
360.6000
309.5000
284.5000
147.5000
145.4000
669.4000
294.2000
164.6000
61.5000
75.7000
145.5000
157.2000
105.4000
139.7000
215.8000
82.2000
486.6000
566.0000
204.8000
81.7000
41.0000
70.2000
213.5000
194.5000
266.0000
176.0000
76.2000
52.0000
211.3000
454.7000
112.6000
159.9000
137.0000
77.5000
80.4000
187.6000
289.5000
212.7000
72.4000
391.5000
196.5000
352.9000
159.7000
137.7000
135.4000
207.8000
308.9000
448.0000
230.5000
122.0000
123.4000
109.6000
176.7000
681.6000
134.6000
195.5000
64.2000
122.2000
150.6000
174.1000
257.6000
264.3000
167.6000
150.0000
204.1000
420.4000
327.4000
141.1000
43.3000
91.9000
77.2000
136.2000
289.6000
493.6000
102.5000
336.0000
175.3000
419.2000
275.2000
108.2000
78.3000
150.0000
130.2000
87.5000
157.8000
524.2000
194.3000
137.9000
280.3000
471.8000
183.2000
131.6000
65.4000
44.9000
168.8000
243.9000
340.3000
142.9000
157.8000
102.9000
478.7000
353.3000
215.8000
156.6000
139.1000
141.4000
148.8000
231.7000
209.4000
212.2000
116.1000
73.6000
347.7000
322.7000
77.3000
143.4000
104.9000
56.2000
187.6000
143.0000
245.4000
217.2000
99.8000
126.6000
256.9000
423.4000
222.0000
57.0000
59.2000
87.7000
100.0000
197.4000
427.4000
125.2000
86.1000
91.2000
287.5000
464.6000
297.3000
132.4000
47.2000
113.7000
253.7000
189.7000
349.6000
136.8000
236.1000
286.3000
566.9000
430.1000
332.6000
143.1000
134.5000
57.2000
46.4000
354.7000
260.9000
372.7000
219.6000
155.3000
445.7000
382.5000
162.0000
100.8000
69.8000
40.6000
106.1000
172.7000
196.4000
203.3000
164.9000
108.9000
246.2000
573.8000
225.0000
135.4000
90.1000
185.0000
137.6000
225.8000
261.5000
149.2000
223.7000
83.5000
113.8000
1014.0000
209.6000
152.0000
57.8000
57.4000
117.9000
191.3000
261.2000
188.9000
110.8000
183.6000
155.1000
865.2000
259.0000
176.7000
121.9000
138.4000
123.5000
131.6000
314.5000
220.5000
284.9000
122.4000
284.5000
147.1000
86.5000
45.0000
89.5000
43.4000
51.0000
308.2000
238.5000
102.2000
275.6000
221.1000
194.1000
595.2000
426.9000
195.0000
214.8000
69.1000
61.4000
101.0000
306.1000
422.5000
251.0000
210.4000
250.1000
479.3000
253.2000
97.4000
111.7000
50.9000
57.3000
112.2000
178.8000
131.3000
489.5000
138.4000
444.8000
320.2000
116.0000
226.8000
123.7000
267.7000
96.1000
95.9000
132.7000
116.3000
255.7000
135.1000
129.2000
520.0000
147.2000
49.7000
74.1000
27.5000
118.6000
189.7000
246.3000
129.4000
216.1000
166.2000
380.7000
492.1000
527.8000
136.6000
164.1000
120.7000
67.8000
90.7000
149.0000
256.3000
81.6000
157.1000
118.8000
717.6000
155.7000
190.7000
94.2000
50.5000
189.2000
163.8000
230.0000
171.2000
118.3000
214.6000
389.1000
463.4000
338.7000
195.0000
48.5000
31.1000
75.3000
196.8000
217.6000
165.8000
112.4000
90.9000
440.8000
379.2000
425.5000
147.4000
53.6000
82.1000
83.2000
343.4000
384.6000
291.4000
161.5000
78.9000
328.4000
419.9000
346.8000
94.6000
68.8000
183.7000
186.5000
61.6000
166.8000
338.2000
203.7000
101.9000
132.4000
494.5000
138.8000
100.2000
99.0000
65.8000
180.7000
413.1000
366.7000
229.4000
330.3000
286.9000
292.2000
328.3000
164.5000
334.3000
154.8000
51.7000
73.7000
363.5000
413.7000
296.9000
304.5000
98.4000
334.7000
504.2000
138.6000
58.7000
68.2000
29.0000
35.5000
237.9000
266.5000
184.6000
316.9000
287.7000
320.7000
747.9000
152.4000
118.3000
100.8000
258.4000
82.3000
211.8000
363.5000
358.7000
126.3000
136.8000
439.9000
352.8000
301.9000
110.6000
230.5000
148.5000
70.3000
215.2000
168.1000
154.7000
221.6000
84.8000
336.6000
199.8000
157.2000
247.3000
94.1000
102.1000
79.9000
479.8000
197.8000
222.0000
83.0000
57.2000
329.2000
803.4000
495.6000
204.6000
78.8000
91.2000
119.0000
201.7000
135.7000
227.8000
204.4000
150.7000
398.9000
245.1000
226.2000
89.0000
41.2000
48.8000
69.6000
191.1000
115.6000
229.8000
167.9000
234.9000
188.0000
519.0000
142.4000
242.2000
160.8000
52.1000
68.9000
147.8000
352.9000
274.0000
244.1000
97.8000
78.0000
718.2000
372.9000
269.8000
184.5000
106.8000
69.7000
242.2000
231.9000
280.5000
123.6000
58.2000
78.3000
497.7000
133.9000
555.2000
219.0000
67.1000
66.0000
172.4000
164.5000
238.1000
168.5000
301.1000
360.7000
244.0000
123.2000
145.8000
46.1000
108.7000
43.2000
202.8000
173.3000
298.6000
256.4000
335.5000
308.5000
567.8000
388.5000
392.2000
244.0000
84.6000
102.0000
197.7000
312.0000
182.2000
323.4000
281.0000
231.1000
549.2000
269.7000
92.6000
47.7000
52.0000
48.1000
208.0000
351.7000
374.8000
294.2000
328.6000
216.4000
582.0000
287.0000
297.2000
158.3000
70.8000
118.2000
392.2000
437.8000
248.8000
274.8000
130.3000
482.9000
257.4000
142.0000
81.3000
56.5000
37.3000
30.7000
96.5000
163.5000
235.1000
