45.9000
15.1000
86.5000
133.4000
45.9000
21.7000
8.2100
7.6500
6.5800
15.8000
41.1000
28.3000
47.2000
25.1000
51.9000
328.9000
55.3000
32.1000
9.3400
12.2000
13.0000
19.2000
33.6000
27.7000
15.5000
24.4000
41.6000
229.9000
84.5000
35.5000
20.8000
16.4000
9.8100
11.2000
23.5000
30.0000
48.5000
17.0000
67.0000
36.9000
26.5000
12.7000
9.9600
20.8000
9.6600
68.4000
91.6000
34.0000
125.7000
63.4000
63.0000
142.1000
149.7000
75.6000
45.4000
12.9000
9.8300
34.3000
170.8000
103.1000
50.3000
51.8000
82.2000
150.2000
69.2000
19.9000
15.1000
15.4000
12.7000
17.2000
64.4000
39.2000
146.6000
49.9000
250.8000
171.7000
50.5000
370.2000
333.4000
66.0000
64.1000
102.6000
51.4000
39.7000
53.2000
49.4000
115.2000
92.8000
28.8000
12.1000
11.1000
10.4000
40.8000
51.5000
38.4000
37.2000
43.8000
69.6000
154.2000
288.4000
203.9000
58.3000
36.1000
23.2000
15.3000
17.7000
25.3000
40.2000
19.2000
25.6000
23.3000
290.8000
56.5000
53.9000
30.4000
7.5300
12.4000
11.0000
15.5000
18.2000
21.4000
29.5000
54.8000
79.9000
82.1000
90.8000
22.6000
8.3100
13.2000
28.0000
38.5000
32.9000
25.0000
20.0000
97.5000
70.0000
84.0000
51.1000
12.8000
29.3000
10.2000
33.5000
74.6000
132.8000
52.5000
24.8000
90.8000
141.0000
77.7000
39.1000
20.7000
36.8000
61.1000
20.3000
27.8000
60.9000
63.1000
33.9000
40.0000
189.1000
67.1000
126.9000
39.6000
17.4000
25.4000
122.9000
104.7000
77.4000
110.4000
90.4000
72.7000
70.6000
76.7000
79.1000
33.5000
19.1000
14.1000
40.9000
55.8000
59.5000
61.8000
25.1000
86.5000
195.5000
66.5000
28.0000
48.1000
11.7000
9.8900
31.5000
62.8000
74.0000
108.5000
53.9000
83.7000
221.8000
43.8000
43.0000
36.7000
60.6000
12.1000
28.4000
43.4000
67.7000
29.9000
22.6000
73.1000
72.5000
61.2000
34.8000
50.8000
30.2000
16.8000
29.6000
35.5000
44.1000
41.0000
29.7000
155.5000
115.8000
47.5000
38.5000
18.3000
19.7000
12.0000
94.0000
79.8000
83.8000
46.1000
34.3000
138.7000
301.6000
291.7000
78.6000
24.5000
73.0000
80.9000
109.2000
58.5000
73.7000
56.0000
44.5000
98.3000
76.4000
62.1000
30.5000
13.4000
11.1000
15.7000
30.3000
25.4000
41.2000
38.8000
44.3000
72.5000
101.2000
122.0000
245.6000
189.5000
18.0000
22.6000
23.0000
35.5000
35.4000
55.4000
20.1000
16.8000
303.9000
136.7000
105.8000
59.5000
42.4000
12.7000
21.8000
22.8000
53.5000
34.3000
13.4000
16.5000
90.5000
34.1000
141.5000
61.1000
17.7000
13.1000
26.3000
24.0000
40.9000
39.3000
68.1000
110.0000
86.5000
41.8000
26.0000
15.0000
8.6300
5.7600
11.3000
16.7000
19.0000
18.8000
79.9000
62.5000
224.3000
92.4000
69.9000
82.0000
19.0000
16.8000
19.2000
26.3000
16.7000
87.6000
39.8000
71.3000
217.1000
83.5000
32.0000
10.3000
8.2600
11.7000
27.2000
52.3000
62.2000
63.4000
32.6000
58.6000
153.5000
136.5000
72.5000
23.0000
14.7000
15.3000
38.4000
65.3000
62.8000
95.2000
44.6000
134.4000
82.1000
36.6000
21.8000
18.9000
26.5000
13.6000
24.2000
23.9000
45.2000
